1000
859 498 294453
633 840 358111
593 708 365191
435 886 317931
65 714 34699
492 52 7791
128 152 5400
210 780 2779
471 448 156234
198 16 1489
377 978 286979
81 274 11464
792 742 479166
819 820 563423
896 418 335419
524 394 78397
557 700 261625
168 420 66854
308 596 48048
606 924 154247
806 746 558175
90 334 211
599 992 422465
881 882 575527
593 258 87312
972 372 194752
618 628 124290
695 4 155
490 196 8662
642 334 136141
779 782 19716
80 454 22161
79 364 11861
64 504 23259
162 762 40039
257 764 157735
457 798 316155
841 576 331999
7 324 1931
139 858 26389
736 880 21879
918 224 157565
620 916 544411
624 992 17236
144 880 89535
878 426 366713
273 620 102369
104 930 94245
917 368 218733
840 558 352721
898 406 107047
955 28 624
612 234 56353
966 492 168661
196 830 92368
848 42 7727
395 84 11607
556 1000 161639
328 2 397
637 518 38764
749 810 505347
348 232 19113
420 810 184133
468 350 70810
769 442 201273
618 430 210073
63 646 6239
874 654 508204
866 256 79729
286 642 17581
812 574 232221
84 86 6499
665 556 97623
605 968 314957
486 430 18983
105 708 35435
302 616 117579
271 38 5071
267 604 96645
641 790 444164
930 698 63337
918 350 276435
2 684 721
584 730 404926
16 926 4433
619 736 259179
701 772 423067
712 552 59877
240 602 88513
585 320 61850
41 358 13885
996 844 110909
198 82 9779
869 676 557045
659 876 160388
894 774 484895
96 630 52531
60 936 37144
659 102 27009
489 828 113598
79 94 2097
83 57 4166
33 48 341
97 43 3060
48 67 550
87 93 1240
35 75 603
47 30 705
88 50 4372
87 53 1783
57 66 3536
59 41 90
102 22 2115
103 83 7372
28 85 990
44 11 52
101 97 5449
14 83 276
33 54 1692
19 81 1083
34 100 995
84 85 3155
82 33 1049
105 89 4277
60 88 3575
98 104 6758
62 99 1817
93 36 1513
94 50 1666
53 12 93
48 21 255
61 11 25
82 66 4773
57 19 823
84 13 922
84 22 1129
28 43 319
89 52 1720
51 108 1953
23 27 356
55 101 2283
65 33 1810
103 70 6467
18 94 310
62 44 2463
93 64 961
84 108 5446
58 29 211
98 82 4837
12 29 208
31 59 955
69 13 666
50 72 3323
49 17 656
105 93 7856
51 50 1089
73 95 3085
46 29 949
15 67 399
34 82 1711
52 72 1838
29 22 490
14 61 833
10 98 901
38 44 1269
97 93 2236
104 68 4915
29 46 770
66 80 3747
24 92 1043
49 97 764
27 84 2069
26 61 555
52 94 3309
18 94 988
89 89 6059
91 55 3572
16 54 332
76 48 317
13 65 298
73 32 859
14 76 513
81 102 5993
104 34 2026
62 46 2225
99 69 418
41 11 203
70 36 1493
83 72 4327
108 22 2316
85 40 2701
16 49 367
88 60 3829
58 45 631
86 17 849
80 66 4337
27 47 241
78 57 270
25 11 210
78 32 2202
976 224 124939
520 130 40703
191 754 15554
212 730 68075
454 662 129697
451 310 53440
549 52 8395
507 978 60591
478 832 132881
677 20 2145
491 730 244162
141 974 116798
198 64 2521
735 748 537055
178 478 17363
218 964 77185
904 542 185753
630 258 137
554 970 255385
965 976 749145
927 258 102197
330 980 207137
58 188 3173
816 834 27766
334 486 68239
64 884 39614
512 992 301229
923 794 714031
233 268 43100
28 732 10753
34 972 20866
450 106 14943
69 580 13383
81 710 34495
324 554 139001
278 876 61671
329 664 57184
47 824 7015
776 862 397991
496 694 1053
237 814 32500
612 164 17921
973 502 25395
515 900 197585
57 322 7131
230 66 14827
184 970 162821
953 974 729186
191 724 2299
814 374 217784
868 446 314315
946 172 160425
681 438 227223
646 904 317089
777 720 402140
45 248 660
308 624 134721
668 400 67557
445 620 203809
110 692 67573
291 746 73065
189 470 70393
901 82 48171
420 214 38887
191 670 67090
179 454 23761
361 266 9119
366 154 44682
803 294 97276
375 134 41790
129 566 43617
354 32 4978
667 570 154829
577 216 110241
698 166 66856
104 416 4117
557 674 337803
148 350 11317
654 298 82081
547 788 278545
789 800 459645
118 530 56743
567 184 8329
133 796 68889
717 790 12009
478 344 106083
101 114 1186
322 732 129959
634 924 310365
683 158 1993
902 496 369229
91 242 10845
473 860 284583
755 196 62461
713 998 175637
629 38 13043
905 580 159325
777 338 75217
462 822 246828
333 68 1603
999 1000 60407
999 1000 827857
999 1000 924346
999 1000 244544
999 1000 37445
999 1000 248507
999 1000 387729
999 1000 645532
999 1000 841689
999 1000 216429
999 1000 402857
999 1000 997855
999 1000 870851
999 1000 435084
999 1000 380628
999 1000 515901
999 1000 402275
999 1000 68253
999 1000 252535
999 1000 878277
999 1000 976655
999 1000 198831
999 1000 451263
999 1000 9133
999 1000 708137
999 1000 248931
999 1000 875047
999 1000 27129
999 1000 818955
999 1000 50600
999 1000 696125
999 1000 749611
999 1000 696529
999 1000 268412
999 1000 726971
999 1000 718700
999 1000 945378
999 1000 675423
999 1000 326855
999 1000 559895
999 1000 173771
999 1000 967774
999 1000 741973
999 1000 924177
999 1000 971739
999 1000 840645
999 1000 876089
999 1000 225980
999 1000 524803
999 1000 116775
999 1000 975537
999 1000 911053
999 1000 100608
999 1000 789449
999 1000 558292
999 1000 303731
999 1000 212611
999 1000 535279
999 1000 895350
999 1000 620063
999 1000 425481
999 1000 247465
999 1000 653189
999 1000 580748
999 1000 219792
999 1000 959339
999 1000 894492
999 1000 900566
999 1000 457761
999 1000 193381
999 1000 267763
999 1000 882837
999 1000 273936
999 1000 987728
999 1000 806037
999 1000 660431
999 1000 973141
999 1000 32397
999 1000 329871
999 1000 473801
999 1000 175969
999 1000 688857
999 1000 880434
999 1000 851683
999 1000 252025
999 1000 268067
999 1000 556180
999 1000 535836
999 1000 576599
999 1000 344499
999 1000 417575
999 1000 740897
999 1000 876623
999 1000 943162
999 1000 527731
999 1000 339802
999 1000 15053
999 1000 1979
999 1000 718657
746 320 98143
999 1000 154897
999 1000 109539
999 1000 420493
999 1000 88705
999 1000 823516
999 1000 797619
999 1000 562776
999 1000 410340
999 1000 951042
999 1000 711763
999 1000 743805
999 1000 51645
999 1000 577839
999 1000 795422
999 1000 794879
999 1000 265387
999 1000 951232
999 1000 869805
999 1000 582283
999 1000 677445
999 1000 792409
999 1000 674584
999 1000 905455
999 1000 786930
999 1000 650209
999 1000 195715
999 1000 478561
999 1000 953669
999 1000 553430
999 1000 834827
999 1000 801951
999 1000 956934
999 1000 626291
999 1000 976809
999 1000 891455
999 1000 472031
999 1000 791914
999 1000 183587
999 1000 655359
999 1000 325149
999 1000 7319
999 1000 318667
999 1000 925359
999 1000 34805
999 1000 299846
999 1000 410859
999 1000 888372
999 1000 96003
999 1000 879291
999 1000 194195
999 1000 128033
999 1000 568025
999 1000 269336
999 1000 295219
999 1000 556233
999 1000 562381
999 1000 167263
999 1000 143261
999 1000 757477
999 1000 494764
999 1000 445049
999 1000 356357
999 1000 681437
999 1000 717857
999 1000 722729
999 1000 128661
999 1000 684629
999 1000 358777
999 1000 10790
999 1000 309765
999 1000 973757
999 1000 596168
999 1000 576017
999 1000 725033
999 1000 485115
999 1000 449078
999 1000 756045
999 1000 408383
999 1000 410971
999 1000 144179
999 1000 534001
999 1000 936433
999 1000 200093
999 1000 214803
999 1000 975838
999 1000 451513
999 1000 542556
999 1000 317602
999 1000 819452
999 1000 508600
999 1000 37269
999 1000 789727
999 1000 543549
999 1000 320636
999 1000 302947
999 1000 243321
999 1000 25873
999 1000 744551
999 1000 292945
883 246 69065
652 69 31665
117 94 2977
117 451 43307
445 726 292490
334 182 52751
434 75 9761
669 47 3083
691 264 129204
579 251 99216
184 507 14275
665 335 149222
42 56 364
844 199 46209
766 125 18733
142 479 43261
350 752 51987
112 761 41836
622 896 344889
750 85 43326
389 789 285724
818 775 224841
433 811 140786
273 245 23951
355 547 36754
351 150 39355
752 818 575735
164 784 20089
525 660 249445
754 423 199561
88 678 28244
436 408 95087
689 524 196461
706 327 26529
350 873 167259
198 245 45451
111 250 15379
197 478 11097
431 746 231525
444 192 4101
157 601 74460
283 623 25501
712 496 18152
85 167 9348
859 78 18084
355 805 87982
818 706 118437
12 378 3612
147 631 61998
428 863 120209
686 903 270405
558 411 153889
437 237 62948
907 288 129580
857 559 314371
726 602 352419
335 780 80413
587 626 283885
107 879 56470
819 756 470929
161 430 31890
539 102 7586
243 776 176359
104 91 3976
116 88 3298
481 517 121526
497 252 116224
509 412 116749
738 98 30771
701 648 450681
357 174 59187
276 530 97961
40 30 41
61 731 16087
230 57 12397
235 140 14967
62 789 8817
418 281 98113
335 373 101638
164 862 80209
209 427 27947
289 689 78183
635 535 106897
879 94 70745
775 226 125969
214 550 54569
97 436 31515
601 320 148471
244 139 30907
187 631 89149
591 801 385170
687 754 229541
578 206 114881
885 426 251649
183 64 3291
154 60 466
753 133 59656
524 592 283215
500 812 371517
880 555 93981
278 492 87085
669 876 264481
554 828 10461
39 679 24568
236 821 170869
652 304 14753
76 243 7129
48 73 1637
420 285 105817
198 475 87561
562 677 290849
118 563 25270
460 759 146066
512 345 79934
778 778 113535
484 708 27757
323 514 90133
596 167 65062
717 176 65998
249 81 8991
648 149 52013
830 595 67662
479 547 174961
75 705 41961
719 190 15809
587 804 143521
217 509 11155
650 835 110914
745 518 265201
345 425 33805
122 614 48621
877 901 479276
206 498 65077
195 74 5665
852 247 209357
143 359 17673
173 580 15187
528 176 30461
866 290 188695
274 563 133453
138 215 24203
541 69 29205
453 548 161866
443 22 4285
209 401 72585
553 625 74556
653 245 6590
182 133 12339
813 699 3301
647 84 7303
668 322 207865
66 236 7893
178 302 51607
523 649 259851
174 865 133740
586 485 174460
213 494 76177
266 17 766
496 534 221113
464 909 384297
519 854 67172
574 467 26533
133 459 47659
232 68 6937
868 238 54057
819 34 10595
219 68 9875
749 625 413248
619 19 11713
342 730 188783
754 818 88705
438 630 171804
292 613 107801
688 208 53900
332 391 129646
637 531 295600
616 875 180985
27 193 2481
105 224 13645
546 223 113249
712 593 20552
459 679 247910
279 197 54008
572 84 2051
165 87 14080
229 217 21493
274 275 31213
670 35 14851
808 504 232121
378 222 54555
88 228 5481
866 772 251611
366 543 37057
148 62 7242
661 860 4245
789 93 56166
172 190 31859
31 54 1611
904 745 48125
63 59 1375
563 671 238660
85 250 102769
459 294 70203
493 906 317047
558 549 177661
70 426 24350
85 44 1855
326 631 185452
517 838 187349
717 698 276285
41 847 6716
472 422 79861
878 195 33299
180 123 4648
791 532 400699
457 568 8870
665 643 11284
180 473 23013
812 356 99744
116 446 38153
908 409 347350
310 782 139225
157 651 24454
245 633 57690
715 733 289328
823 559 193540
51 199 9719
605 354 166233
596 377 157929
467 795 119859
155 181 6445
418 125 45217
623 841 521302
216 722 36799
822 522 246435
88 105 6439
767 10 653
860 774 381453
33 367 1447
637 566 273750
486 197 88830
266 783 42251
194 600 5187
432 777 108573
91 723 60223
383 444 74240
488 683 277203
352 419 51336
579 766 191887
334 206 57592
117 641 64465
842 61 23593
819 898 319433
670 643 409025
23 638 2829
446 736 186553
91 208 14797
314 307 52089
354 189 52056
109 161 3769
508 10 4420
609 464 261195
22 673 11369
360 46 7071
352 20 223
257 451 72571
842 415 78214
457 470 59989
132 839 31578
514 812 155977
782 194 127353
600 363 137383
176 828 14575
415 216 45889
67 725 29051
138 22 2845
638 593 296437
536 105 20613
774 607 301046
561 116 14206
683 758 30611
629 668 264353
824 227 92797
797 606 233177
455 848 122272
612 785 406036
450 482 54721
739 117 79548
839 869 242071
570 713 49367
854 555 215876
677 258 76556
521 512 46006
311 598 4593
239 757 2789
523 127 45377
122 248 21029
70 49 2321
407 678 199497
678 95 32341
315 317 46920
708 584 167215
457 413 62254
670 538 358580
158 601 85557
188 131 22135
590 207 45613
643 807 452691
432 762 29887
830 692 32323
563 112 58978
66 847 12301
816 26 1877
329 42 7729
334 621 193101
788 528 149883
308 170 50320
73 248 11815
871 255 105358
61 662 21553
485 389 135013
834 644 518316
499 764 21340
794 270 83595
292 774 131027
711 247 132915
652 380 192781
329 678 71526
282 359 2876
140 94 6222
741 124 79321
283 775 68963
267 272 36583
573 303 20960
845 293 130485
764 45 23485
493 839 49254
129 565 46430
749 629 411617
318 497 109973
353 605 80758
200 114 11133
624 771 150589
573 329 182472
335 103 1210
735 183 83115
77 470 20937
50 149 118
865 713 147176
182 736 8551
92 694 4777
80 283 17137
856 293 155329
304 28 8019
646 280 114143
77 327 22863
353 708 144213
225 207 38265
653 278 12409
725 15 2474
109 23 2200
470 534 145019
809 760 194921
146 815 53572
832 770 509629
452 454 136488
307 542 99213
727 253 121630
636 875 66485
543 419 173706
216 547 80701
753 217 125570
382 450 40623
98 56 2728
890 408 130978
692 176 119573
555 165 78429
421 457 33176
885 684 210367
810 88 32671
347 269 44444
253 178 17628
834 702 118713
907 118 88052
141 187 1402
747 606 200620
731 478 243253
509 805 130602
876 651 289868
216 108 7695
771 685 451290
773 497 299991
273 763 112811
213 710 70526
769 244 2631
830 500 104595
675 656 354692
607 82 22497
466 257 98381
640 554 349705
753 183 37107
721 10 2017
847 820 135832
280 614 88153
310 351 106051
156 196 7266
884 194 95086
719 206 75657
68 566 10866
386 765 271693
686 100 22088
349 342 64097
758 81 26271
22 118 505
131 23 1369
766 522 242117
181 601 58001
321 820 205522
800 759 372467
421 732 96961
186 523 22724
58 361 18105
29 414 327
857 425 295986
150 669 7389
220 116 733
551 459 245753
400 326 101665
850 606 255726
671 816 107701
48 506 14434
562 556 254580
887 620 104667
345 133 26641
420 554 165109
426 63 22501
722 203 99271
173 217 35893
409 796 234628
755 720 335251
124 190 15941
86 251 3957
204 314 11405
139 786 100177
854 181 147047
672 758 497636
485 600 188939
906 632 223083
105 473 47008
505 286 124568
445 164 23280
807 176 70617
551 591 113934
176 244 12558
27 18 391
685 807 160471
223 111 3970
688 693 154808
105 615 41796
866 317 135545
27 468 7729
858 679 331731
434 505 189034
895 764 485537
820 170 91722
329 894 261202
159 101 7730
52 497 19379
287 737 138732
256 739 66049
92 703 32955
736 256 86001
290 696 76143
747 783 136848
899 536 232364
834 235 84733
712 774 66527
75 67 4946
300 238 21095
175 43 875
471 762 5921
62 857 21695
296 325 6029
842 429 303799
733 43 593
620 12 5071
406 791 60241
278 585 134207
721 223 116943
762 247 134173
876 660 466091
441 405 65702
897 60 3658
57 558 14693
137 161 17655
544 813 243884
611 457 142321
499 691 226959
142 817 108657
232 664 76101
694 252 24161
