100
32651737 68558201
44509453 57971443
219363 9186209
2901249 15844259
545781 1069001
244123 96765359
8758394 78501707
13010225 50947843
69780866 76625693
63061661 90244703
3495393 93272453
1277269 20003821
36168018 69848057
19662435 33206101
20356411 97776001
14401417 14734897
1716262 4451813
37104707 57494023
44638012 55107623
24823349 83861621
17331112 18012961
11672401 30096413
29120206 67350443
70956244 82670281
11285377 31609049
5408056 6146407
721355 61629143
1686652 81298753
21139201 83276701
29774571 88630301
9137863 23516677
29431305 68010193
42392681 97228361
6474419 63554807
37962535 83665367
44649801 56678753
19144145 27099143
34766893 55192327
913940 63634409
71173341 91383527
2681315 9233951
3840181 66502763
82911629 83760449
45011728 96429143
4824461 12766261
12593887 16574771
22570155 64325381
16732733 77084807
49891956 55397113
3931665 11766203
5280409 15803857
29217418 38865361
66247564 67022209
886551 1376693
27486834 28521929
19930044 47574269
47335193 84686353
141498 3658801
14441289 48670777
10287115 26267749
35305963 39260401
27736197 91761503
18410022 42074363
33586755 48158003
261541 295201
39043396 94685009
946239 3502333
57746493 88888361
6427125 9763903
44741621 74165467
13731900 46231709
139217 49627549
13267087 46107541
9554897 27298207
48790369 87588289
1515845 16660403
6994061 19489601
15339567 62504003
50552449 88544909
428370 8119721
20379001 57063323
18072953 84170743
23266799 69517451
1654441 87722093
206707 41634379
8971921 69316501
20783008 76654609
9875051 37786927
20421541 27324001
4566377 13910293
172200481 1000000007
111958637 1000000007
285490865 1000000007
866154521 1000000007
185372305 1000000007
28308673 1000000007
683175299 1000000007
187099665 1000000007
221325265 1000000007
156432288 1000000007
