500
-46 32
66 -29
57 -31
-36 -8
-12 -17
77 51
-27 -16
15 -28
70 -74
-36 19
47 81
20 -8
30 73
33 50
82 33
-51 15
31 -1
30 18
-64 42
20 36
-52 -57
-47 -55
-64 2
3 17
7 -64
23 -34
-77 -3
36 30
-53 -47
-44 -54
31 -53
68 -52
-58 -29
-38 20
44 -4
-26 26
21 17
58 -44
19 -67
-6 -43
-14 34
-91 -69
40 -15
-43 -22
-15 -28
-46 64
49 -62
87 23
2 -15
85 60
74 -16
43 -71
66 -81
-45 -8
-76 52
-49 -43
-46 22
53 72
47 40
76 79
-16 36
0 56
-37 -62
-7 -66
31 29
-86 -17
-76 -78
-9 59
-90 -28
-60 75
77 -25
-100 -89
-26 -36
1 21
-89 26
57 -10
11 -30
-41 -20
30 60
90 -31
-56 56
46 29
-37 -8
-89 30
31 22
55 57
-48 21
-79 84
-86 -38
-17 -5
-19 52
-7 59
70 -32
83 71
-56 -13
5 -55
44 46
6 99
-31 -14
-26 -9
-31 71
-88 52
-87 55
-40 -17
84 51
-63 -97
-16 50
-18 41
69 -16
-92 -52
-36 50
-31 -27
28 29
-78 43
50 56
-27 18
35 14
-90 -51
-65 4
-8 61
-93 21
56 4
-29 25
88 0
72 -69
31 35
-97 23
24 -10
55 -73
-66 -62
-77 73
-33 -18
99 -38
97 -2
7 -74
-25 -18
28 -85
-10 2
8 -13
-45 14
-50 76
-6 13
17 -26
66 -39
-55 81
-50 30
15 10
-8 -33
-96 -33
54 99
56 36
24 20
-2 44
-23 7
97 -57
31 10
-23 100
46 25
86 -95
-51 5
-39 -9
-33 -72
-31 -11
0 17
46 61
93 32
-4 -93
-31 1
-49 45
-90 -69
-72 -63
-29 71
84 29
-95 8
83 -30
98 32
-67 6
-47 25
-1 52
-7 58
-6 60
-19 95
45 -39
53 -32
-16 -19
-7 2
77 15
61 -36
-55 -28
28 -23
-97 -34
7 -11
42 88
64 26
-2 22
-62 -53
44 0
20 -43
-17 -42
-21 -28
-82 72
15 12
-44 -64
-56 63
19 -30
-42 59
55 61
-3 26
-41 65
-10 -19
22 -76
-32 -37
81 41
3 60
70 45
-65 -9
87 31
0 0
-22 -38
-7 85
72 43
-76 68
45 -43
67 22
-1 -38
-35 35
-34 92
50 -71
12 -3
-59 57
-54 84
13 75
65 -63
-5 14
85 3
-66 -13
60 -16
11 63
65 75
-38 28
-26 80
-53 12
18 2
-12 -31
68 71
54 -64
-22 -69
62 76
-14 83
-60 46
-52 -85
33 28
19 -51
39 71
-1 49
19 72
74 58
-29 14
-84 -33
-54 -12
37 7
-49 11
57 47
57 12
-51 -45
-31 -95
51 19
57 -49
-24 -11
37 -72
35 -70
24 90
71 56
-27 3
60 -11
-42 17
-36 -28
45 -9
11 3
-70 13
-29 -24
-7 43
-10 -51
17 -41
-1 89
-17 -19
-6 -30
-54 -49
41 66
-18 -75
-20 16
31 37
-42 8
41 69
-32 -21
12 53
70 5
-50 -34
-83 -39
-9 -93
20 -19
-74 0
-29 11
-66 -18
71 34
19 98
-59 44
-41 86
54 53
49 22
-36 69
37 -56
-77 39
-55 -60
6 -62
-36 77
53 -20
-1 -28
67 -50
78 -4
62 85
-16 44
81 -32
82 -45
73 92
-20 63
-10 98
5 -94
82 -10
49 -10
-2 -64
-29 -20
54 -60
30 -45
-40 41
19 89
-52 -81
42 -24
-27 -87
78 -5
58 -95
66 -34
-71 -47
-52 2
16 8
37 -38
-64 59
-24 -3
32 -77
17 -43
-22 94
13 36
56 96
-20 -97
17 -90
-40 -57
-25 18
-8 17
36 4
86 52
37 -83
63 -21
8 50
-29 -83
-94 49
56 -71
15 -16
-90 4
91 5
-1 -66
-25 73
42 -16
88 42
-31 -85
42 11
-62 -46
-48 56
-92 -15
-34 7
27 84
-25 -12
-15 -6
57 20
9 24
71 19
77 42
65 22
71 26
39 -36
-12 15
-26 72
-63 -21
36 -11
86 69
97 -55
5 1
-14 -63
22 -98
-75 -23
4 -46
-7 51
79 43
-58 47
76 -73
-10 -30
-2 -8
77 2
92 -4
46 -57
-86 9
-5 -78
-15 16
-46 -25
46 -83
31 -59
-10 53
-64 -52
56 6
-33 -31
-67 -64
82 78
33 -94
97 19
-94 66
-39 -12
-1 35
-8 -51
13 -12
-29 -26
-51 50
95 -13
70 18
-61 -77
-35 -53
47 54
-28 -28
7 53
-24 -40
44 -54
-11 -97
-81 -55
-38 25
58 98
-53 87
49 10
-69 52
-6 42
81 53
-14 -61
-8 50
15 68
-63 -41
-53 72
-66 36
-96 12
-61 -61
58 51
53 -82
89 -81
55 83
63 66
-50 -79
40 72
-29 -30
4 36
-55 -16
54 84
16 20
58 18
15 -44
57 -22
72 69
68 -72
51 90
-14 67
79 12
6 79
28 10
-91 13
-62 4
67 26
54 34
47 -28
84 -23
62 -19
-39 10
61 -87
-76 21
-92 -36
-11 -91
60 12
93 0
-69 -29
-11 31
58 9
34 0
7 6
-10 -31
84 -51
-14 -36
500
-12 -93
34 -78
-37 92
16 -45
1 -55
74 43
22 4
-66 28
24 87
82 70
-23 23
-13 -30
51 -72
-42 -61
-14 -64
-64 67
30 56
-35 -21
-6 26
3 -10
-66 31
-5 55
-91 -80
-16 -75
52 -81
57 58
-97 -53
79 -29
-49 -62
-34 -27
35 -52
84 37
4 55
72 83
-55 -32
33 14
-19 26
-69 -41
-28 -34
37 70
-29 -75
-27 -36
48 -25
90 27
39 -88
86 -4
-26 -41
-14 81
57 -18
28 22
24 -64
63 -67
-20 -38
-62 -47
-20 12
-20 37
-29 -10
-38 -46
-24 58
31 53
84 3
-16 36
-33 -30
-33 -28
63 72
-74 44
-9 -31
-2 -25
-14 -13
-51 -29
38 -22
-6 -30
34 11
61 -30
-45 -13
-89 39
-5 75
-25 2
76 3
-38 -81
53 -52
93 51
69 -74
63 -2
12 -25
17 94
82 -28
40 47
-93 15
-18 -57
14 6
23 -54
-37 0
-62 -41
-39 44
5 -32
-5 36
-27 -29
61 -18
80 42
-32 58
-16 63
27 48
50 9
85 25
25 -22
12 62
-28 32
51 1
14 -30
-54 -32
58 24
56 33
-34 -71
11 -65
40 30
80 83
-76 78
86 10
53 3
14 -3
-27 -26
-23 -80
-35 15
87 5
-44 20
32 -35
50 -52
72 -9
-52 -22
38 -61
3 24
32 2
61 62
-24 -15
-86 -74
-86 64
15 59
-14 -60
-45 -32
-34 -32
78 1
40 27
43 -75
46 -84
-8 -13
-86 100
78 -69
42 -67
20 -57
23 20
55 -96
-15 6
59 -43
-3 49
43 3
59 10
89 -75
17 6
-72 -58
32 -7
-72 -66
-62 -63
50 -93
3 34
40 65
-30 -10
3 55
52 -34
98 -39
32 9
-23 -54
-98 11
-10 55
-59 26
82 59
-56 -56
22 -18
-48 18
-11 -25
37 -22
47 21
-84 -42
-30 -12
-10 -8
62 -9
-2 33
-34 -60
1 20
-46 -90
67 59
-81 -91
-38 17
-52 -3
-24 -10
87 -81
20 60
-34 -57
-51 -95
38 -43
13 -50
3 -55
4 9
9 -92
61 14
40 20
2 -50
88 -2
-70 -53
-20 -11
-32 -16
-84 -43
80 11
-1 97
22 3
-40 -1
-54 -45
58 40
-39 29
-18 -42
-52 -1
-3 -52
3 -84
29 48
20 3
-40 -84
13 71
15 0
-23 66
-45 51
-31 15
64 -57
-59 56
49 -75
29 100
1 54
62 -18
77 -17
40 -50
26 6
-11 13
-64 78
-92 19
-76 -6
12 38
-48 -50
19 21
55 93
-20 -82
-89 -15
59 33
-70 -51
-40 -60
40 -85
18 -46
2 -35
1 -95
87 -42
-84 -40
-5 19
61 33
44 16
74 1
-67 -26
47 -61
-17 -24
69 20
57 31
-49 16
51 -6
26 26
-83 67
18 -8
-26 9
57 6
30 -62
43 75
81 10
-6 3
40 59
-40 -32
87 -36
10 21
34 25
38 -3
-55 -24
35 94
33 82
40 -25
90 10
-66 -38
55 -87
66 -39
-73 -82
-60 -13
6 -26
59 26
-32 -47
-34 -19
-7 96
-46 -57
28 13
39 -92
21 -27
8 0
32 12
-52 -74
53 -41
66 -30
42 71
2 28
88 17
17 -25
38 1
-8 -81
-23 76
-6 32
-53 4
-33 -36
35 85
6 -59
14 -90
21 13
-29 14
-37 -90
19 3
33 -1
-90 51
-90 10
93 -30
-59 20
64 -43
-32 -12
-29 -5
-15 -41
15 19
70 -100
-35 13
82 21
16 52
-14 -41
29 97
64 -59
31 12
72 38
-81 -26
-67 -10
-17 -62
-9 -10
54 -47
42 44
72 59
89 -18
10 36
34 82
-2 -30
36 -28
-1 47
52 -82
77 45
82 99
-30 -39
32 -59
2 2
52 -72
-20 -41
-88 24
51 -15
2 -25
-8 61
-29 -32
49 -56
54 -13
-81 -35
-44 58
-1 59
60 -16
-10 67
-77 -12
29 26
-75 -26
39 -21
-25 -81
-34 13
51 0
-79 31
60 1
5 -24
-11 18
-34 -39
52 17
-2 -9
23 15
0 0
34 19
39 -38
-59 -89
-60 -35
38 61
29 -62
80 -5
-53 -6
-8 -30
83 -87
-7 -23
-90 -4
-71 78
86 32
-40 -14
23 25
64 36
-41 -90
4 38
31 35
56 -25
52 59
-90 -54
76 41
40 -23
-15 -82
-7 -92
47 36
-61 62
23 30
33 -26
99 66
-5 94
93 -15
83 -56
-8 22
10 -42
58 -56
-93 17
1 46
81 20
-10 -94
47 18
38 13
-42 24
33 -2
36 -20
11 -78
9 -57
-6 46
10 -10
43 23
22 -72
76 -1
-8 -52
-64 -71
20 -64
52 -61
33 2
-88 25
49 -25
-49 39
15 54
-44 -29
-31 -44
3 9
-37 -32
18 -87
-16 30
87 52
-40 61
-55 -69
66 -73
28 -53
79 -93
-36 -27
-61 -28
91 -40
-77 18
-65 4
53 83
-45 -57
31 -80
-11 23
16 39
-29 -38
85 44
-82 -47
-5 -37
-27 -9
-36 4
-18 17
-13 -16
36 27
75 -46
63 -75
-40 -9
-11 -18
-42 78
56 23
18 -36
8 -1
-21 27
97 -47
-67 60
4 10
500
-12 2
58 2
39 68
-11 50
15 -81
-79 47
52 -24
64 2
-45 63
78 -38
8 -27
25 66
-40 -75
-45 -95
56 21
57 55
-17 -70
3 -46
50 47
-40 90
-35 73
-64 79
72 -2
58 -44
-73 -13
26 -7
-3 65
-61 -19
-77 -60
16 8
-87 25
-37 -94
-18 -44
12 -38
-14 -99
-26 34
-8 75
-36 49
44 -65
54 -25
-66 -35
70 -31
-40 -37
-25 41
91 -22
-28 -31
-22 -23
12 89
-6 -5
28 20
-77 -19
77 63
96 28
-26 4
45 -59
-4 3
25 86
-9 -57
-15 -37
-20 -57
22 -73
-84 -68
-37 76
98 15
-32 -54
-18 50
-50 -45
53 43
53 -59
53 61
30 42
72 52
-17 -39
-32 -49
-42 12
66 26
46 -5
-7 43
-26 22
-49 -9
-8 24
26 35
-32 -5
-73 -49
18 -22
60 19
11 -26
-87 -88
-67 75
-64 -41
-44 16
-79 53
11 79
29 92
95 -39
30 -2
61 -7
-27 -17
54 -42
-26 17
14 -26
91 13
44 -23
-46 -61
-47 5
12 57
61 4
10 -20
-24 -31
32 20
44 -70
53 -35
-73 29
-20 -80
21 94
70 100
-87 -33
-100 -18
-45 -76
44 21
-83 -84
37 -84
-83 13
6 -46
80 33
11 6
98 -55
59 -31
62 -10
5 82
94 -20
30 30
-53 -3
28 -41
65 7
53 17
16 60
46 -44
43 -60
-70 -53
-8 72
-10 2
42 30
-45 -9
-40 -63
37 29
-25 61
-11 -78
15 58
-33 -77
-89 -46
53 -42
93 43
19 -9
97 17
19 -53
17 41
-44 -35
-39 24
50 -42
78 -18
-4 -63
-69 -61
15 81
-28 96
92 15
18 37
56 47
-52 -81
-26 -31
46 -48
26 96
49 -45
-62 -31
-98 -23
91 41
50 62
-41 -39
-19 68
36 78
-46 -16
27 -87
10 62
5 -22
12 -20
-65 68
-12 -74
52 46
-18 74
45 -22
-71 -4
-69 40
62 -29
38 97
-40 21
52 -85
4 33
29 -17
-58 76
73 14
67 -56
-51 -97
36 -97
74 -32
-58 -30
76 -100
-90 -50
55 15
59 55
70 6
-100 65
58 68
49 100
-84 -66
27 -13
-95 24
76 27
30 23
34 -87
32 -51
-95 -53
14 -30
-22 70
9 -56
-1 100
15 78
-62 -66
58 -35
-69 -1
70 31
14 -88
-36 8
-39 26
-96 53
54 -15
35 -14
21 22
57 87
-45 6
-33 -80
30 46
-70 54
-9 34
69 0
-77 71
-14 30
76 -86
61 15
-37 -56
29 -51
88 40
20 -73
-45 81
88 -39
-59 -71
-40 -24
-54 5
-39 -1
6 23
-25 28
-31 -25
50 -79
-63 -40
47 -93
4 42
-28 -59
-25 79
74 -6
-28 -65
44 -82
14 13
4 94
13 35
-71 40
-6 40
57 -30
15 45
-87 2
-32 73
-54 -28
-80 -41
-46 36
-9 25
0 0
-53 97
85 33
-25 -47
-100 -23
-34 88
69 95
-27 -73
9 52
-25 -41
24 60
96 52
-34 -80
-72 89
-47 6
-48 -76
-26 -69
48 18
-22 20
1 -87
22 -11
-3 68
-41 7
-25 -84
-65 7
-13 -7
27 16
45 -5
-22 -42
-45 11
-62 77
31 -55
-59 66
13 -89
58 65
-88 -27
82 30
17 78
-23 76
-25 -64
-36 -39
40 55
74 -45
-9 56
100 92
66 30
-81 84
22 91
57 -87
36 -7
-97 -72
-41 -64
34 -20
67 -91
-15 78
2 62
-43 77
51 64
-96 -30
19 35
-57 41
17 38
0 -69
-35 70
73 32
-62 -27
28 19
-40 44
14 -19
-63 -68
4 -18
-38 73
69 -93
-49 -81
76 -68
21 28
-9 -24
72 -59
10 2
15 74
14 -43
45 20
-30 24
54 18
-58 -47
36 43
7 6
17 -40
-10 99
-60 72
53 80
-34 38
42 94
-11 80
-54 36
8 53
-22 -56
42 42
-96 14
-48 3
-67 47
-82 -1
2 -32
74 -38
66 40
71 37
-33 -26
14 -29
25 55
-10 -63
-13 -61
18 -30
-35 81
61 -23
-77 -12
-33 50
-48 -92
-38 -50
69 -69
83 -93
-80 -38
-19 -40
-47 37
96 -95
21 -19
14 -84
45 -41
-97 -43
0 -87
-27 68
13 -87
42 56
-89 12
22 -8
-9 17
2 -59
77 24
-14 46
-61 38
-49 57
63 88
26 24
51 -86
67 -13
58 -58
-92 79
-3 -45
71 -17
36 -20
48 2
36 -60
93 -81
62 -70
29 40
-2 65
-37 -55
-23 39
-97 -7
95 51
26 -6
97 61
-67 76
51 -50
-34 97
-43 -36
-25 -92
-40 8
-20 -93
-60 32
71 87
-100 54
66 64
5 51
-59 -29
35 -95
74 -41
4 -36
43 -84
-32 81
15 -79
52 22
54 37
-33 46
-28 12
-16 -40
42 37
30 2
-15 91
94 60
10 48
-54 84
52 -94
-15 -18
-45 1
29 -20
-35 -13
76 -18
-24 -60
57 -17
-67 -64
83 3
-64 30
-23 -56
44 -48
-16 -73
32 62
25 19
7 3
39 -4
68 48
-23 -33
-20 0
8 -7
-18 11
7 80
-28 -10
17 -48
500
-61 -88
-4 50
-6 15
49 59
15 -12
-29 -60
-58 -2
-66 88
-25 -10
-70 -92
92 5
-21 67
-71 27
-15 -51
-23 21
-98 -18
-30 -29
45 -19
45 -27
-22 0
59 -74
20 -57
98 -64
30 -24
67 9
41 -6
76 56
-1 -21
36 -15
-1 56
43 10
-13 -52
-93 -51
-42 88
-44 98
15 37
70 8
66 -44
-72 -43
43 39
-23 9
56 -18
-67 -25
0 6
-16 96
75 -56
29 -27
27 71
41 -97
-31 41
-13 -22
61 30
-69 10
-11 12
-26 10
42 37
-31 -13
-45 -94
-1 54
100 -20
25 66
36 -3
-14 2
75 74
6 35
-63 -75
70 71
-20 28
-28 -53
21 -35
-31 46
40 -29
-65 16
-30 56
-99 -20
64 -85
18 -11
38 -35
-17 -84
68 58
-33 78
-89 75
19 -96
-83 -17
-15 -54
-15 8
27 -69
85 18
-70 -27
-22 -67
82 61
-41 -86
8 82
26 -62
0 5
-22 -47
50 -67
82 -47
22 -73
-69 -39
-89 -59
-54 97
-61 21
27 4
9 14
-67 -14
66 -78
-25 22
67 44
-26 -67
-54 -32
-54 15
31 -54
14 -23
99 23
-1 -78
-98 -9
0 51
82 19
-73 -20
61 58
-21 56
-28 16
-61 -85
-27 43
29 -75
-17 35
-64 92
-11 -27
63 -20
34 27
-34 52
76 -21
40 -33
11 -4
95 3
-65 -49
-54 11
75 20
-9 30
-50 98
-13 -65
49 -39
53 -22
-64 72
-47 -15
-13 0
84 -45
-27 51
-50 -87
-57 -10
-95 -16
4 86
12 -50
57 -39
-89 8
16 -60
-73 -45
49 41
0 18
57 -56
-27 -19
-16 71
45 -56
-46 42
44 86
0 15
6 38
-83 -29
-63 -88
14 -63
12 -48
69 -44
-5 -90
-4 48
7 4
-40 -62
-27 -13
50 -59
63 -34
-13 49
54 -73
30 -37
14 -68
-88 8
73 -49
64 16
21 75
-13 -38
5 -48
0 43
44 56
-42 -34
-4 13
-23 -5
20 -3
-8 -55
-4 45
-13 -41
-64 4
-78 67
-47 -44
-95 41
-26 -29
-43 -50
12 -72
-4 -63
-38 -22
16 45
-9 -25
-38 58
15 -89
-19 58
-26 5
-11 11
9 49
47 47
-32 44
24 -10
-86 -13
-2 -74
1 -46
53 -45
-29 39
-42 2
-3 67
-21 73
-19 9
4 55
-88 -64
41 -79
75 -72
72 -24
-87 69
-79 7
-9 -37
-32 86
-22 -25
88 -12
-9 -95
21 -63
62 -81
-35 54
-45 29
-18 19
5 -77
99 -23
4 16
-57 46
38 75
88 -47
0 34
11 25
-34 18
40 31
3 -72
-13 72
15 47
4 -47
-89 -42
66 11
-28 -12
-4 3
70 2
-8 -90
-49 25
-100 46
9 -6
73 41
96 -63
-71 32
59 -12
-3 -100
-77 17
-73 -6
2 43
-36 64
33 -97
-29 -77
-12 64
-1 36
-7 -3
-38 17
27 -80
-41 -66
28 36
14 -69
-36 23
-5 -58
20 -24
3 21
-18 3
-22 -69
58 31
91 70
67 46
27 -17
36 54
-53 -24
61 -4
90 -1
-61 -61
17 -34
94 46
-16 -22
-89 -69
-2 92
-89 -55
-60 11
-8 -21
80 -58
46 -2
76 28
30 -36
-60 -7
-45 57
-23 -1
80 21
-75 38
28 -77
-5 5
11 -6
52 -12
4 -3
-50 26
14 -77
-40 43
-58 -21
45 52
40 -80
-38 56
11 -93
-38 24
-65 -18
35 20
-11 -2
-36 81
12 40
-65 -68
-4 37
44 42
-37 -43
-23 -87
90 24
59 -30
-37 -59
88 -73
-60 -12
3 17
-3 -43
15 7
-19 -57
13 -32
-71 64
13 8
0 52
66 -57
-24 84
-41 -29
-5 -46
69 -61
-15 -89
-28 35
-12 65
-13 -21
-33 -39
25 -58
38 67
78 76
-35 -9
-1 17
12 -10
-30 22
-4 32
-34 -44
-6 -61
-26 -84
28 4
-7 -23
35 74
-70 -36
-8 65
-43 -75
-26 20
-16 -86
-60 -2
79 36
-62 70
-5 -27
37 -63
33 22
-30 53
59 65
-39 -19
-51 82
-68 54
-4 18
-97 -40
11 80
-53 -19
56 -21
-46 28
17 -48
-7 -72
-1 -34
-35 -21
-36 -75
-36 74
-9 -35
30 49
0 66
23 -54
3 -39
-20 -57
-19 18
-100 -13
-98 66
24 7
67 12
26 69
-25 16
-25 -2
6 77
73 35
43 -18
59 -41
-41 0
-61 -30
11 -9
-14 92
41 -21
29 42
-67 23
41 45
-58 30
93 -39
-69 50
-24 59
-35 -29
-49 -6
33 -66
-86 -49
21 81
-39 59
-58 -5
-47 -19
-38 44
-72 -47
-85 42
-74 -41
47 17
-62 -84
-54 99
-13 -85
31 -29
0 0
18 50
27 65
18 83
13 -47
-72 52
-54 -36
-66 34
98 -56
-90 -54
45 -42
24 -39
-99 45
94 3
31 -15
90 26
65 -11
18 -18
5 -52
0 72
6 -67
34 73
-61 33
16 -3
-25 -9
33 -12
94 -52
21 68
-11 72
-62 21
30 1
8 -72
-34 48
-19 -69
-82 -30
62 0
37 -19
-93 19
91 21
-18 18
-6 -98
4 66
23 25
55 -35
-58 -13
500
-63 -80
37 24
74 -18
6 -85
-17 33
-15 20
20 -62
45 34
82 46
-38 37
33 -36
-75 -58
5 22
-29 -25
-67 68
41 -17
17 46
8 78
13 93
3 -9
-58 31
39 77
-4 75
-59 3
4 -82
44 2
-64 -21
16 33
-39 47
-54 79
-84 10
35 93
30 57
-45 -32
-75 -75
-60 59
-94 -84
90 -41
-23 -8
-54 -8
-48 60
-71 37
-84 -26
36 74
-74 -2
5 37
85 19
54 17
17 -20
10 33
-16 -14
-20 30
51 -77
-5 39
-84 5
-13 -39
23 -54
62 66
17 33
-12 -100
-56 94
-74 20
-12 -47
-2 98
75 91
3 -88
20 -78
48 27
62 -59
-32 37
75 -62
-9 -92
-6 -41
-83 25
8 -94
-84 56
6 8
16 72
-65 -38
5 -75
0 4
-11 2
-58 83
54 11
-72 33
-27 -30
-26 6
-1 -57
-2 3
-83 93
-64 -67
20 45
-10 38
-54 -44
31 82
-49 9
19 -83
20 -22
-65 -3
-45 28
93 -93
-12 83
-76 65
-82 -55
22 70
-43 74
-65 -56
-75 19
31 72
33 44
71 -48
66 32
2 -24
79 85
96 22
15 -15
78 -18
-6 -64
-18 -46
-95 54
92 78
-67 50
-38 -53
51 48
-75 -43
-42 32
-22 35
33 -83
31 43
-78 -65
19 44
69 12
-16 95
80 -96
-80 -5
-6 -95
-85 -62
-7 42
-32 6
53 24
26 -54
89 -56
-63 -13
8 -71
-41 9
11 -91
-51 67
-31 38
21 69
11 77
49 95
-41 84
19 -64
43 -80
-21 45
46 -1
26 -38
50 -66
-13 97
55 -28
19 75
5 -26
7 83
9 -3
62 19
11 -38
12 -4
-23 64
-92 29
0 33
39 74
71 28
-15 77
-93 14
-18 23
-60 46
-14 9
-63 -9
36 -64
-49 -9
84 -5
26 25
-82 -25
44 10
-55 14
-62 13
-25 -86
0 -3
-25 -68
39 -39
-84 -25
-51 -81
7 87
-56 85
-41 16
17 2
21 45
-9 -7
-91 -21
5 10
-81 9
-25 27
-7 5
-85 -25
-55 37
43 -54
51 3
59 -17
38 2
-52 -61
-60 94
-38 -59
-94 -21
-81 -79
32 87
-7 -45
-37 -32
2 -64
-37 -11
11 -79
-29 57
-24 56
-13 57
-8 79
-41 18
-97 36
-74 -56
3 75
-60 -49
-69 -22
46 20
-20 49
41 -100
1 -61
41 41
49 32
-35 -91
70 13
3 -24
1 87
46 4
70 -35
-27 8
30 14
-69 5
-84 -85
56 -40
46 65
-38 -18
-96 21
36 77
28 -85
8 81
-14 -82
-55 -33
39 5
86 14
-35 2
-82 29
-50 48
-69 -84
22 6
11 -12
-13 -23
-64 76
54 21
6 22
41 -47
92 49
-2 -34
-63 20
-85 -44
-35 8
92 -48
-57 30
-83 78
-31 51
-94 -43
96 41
-51 40
-72 44
-7 -10
-90 -35
56 12
29 14
-64 -25
-23 -9
55 18
18 63
28 80
9 -63
37 -41
-11 -73
-42 10
36 -36
-70 20
-71 11
-59 -28
-84 23
-89 -22
-33 74
-65 -68
-73 93
-82 -67
35 40
-31 -22
-41 -70
38 -3
-59 42
-43 38
-71 18
-7 -11
84 -28
61 94
-28 -63
38 42
-72 6
-53 -57
-66 -21
48 37
37 66
56 93
78 20
-84 -11
-57 64
-95 100
-45 -75
-9 26
13 -40
-82 -87
19 -49
-22 49
-63 58
15 23
-96 -58
12 -70
12 -1
18 -21
-93 7
-51 32
-50 -15
91 37
-40 -29
55 35
15 7
61 8
64 -28
17 18
-9 -6
12 -43
30 -69
10 8
-6 -45
-75 14
-37 83
25 -4
-4 26
-64 -40
-36 21
-28 -36
-15 -32
8 34
81 51
22 -73
-45 31
-45 -13
44 -77
-19 -15
-12 5
44 11
-26 66
-29 30
46 33
-4 -20
-84 54
79 87
-36 -56
58 -1
-17 -36
10 -37
-83 77
0 -50
-39 58
7 40
-36 -46
-31 98
15 48
-1 -63
-26 3
-25 82
-45 -48
47 -23
64 -45
-33 34
53 -27
40 18
-71 -11
2 -9
-49 -94
-87 -99
6 92
25 70
-55 43
88 -22
17 -27
-23 36
54 -4
-1 75
-87 8
56 27
-80 15
-7 47
55 -55
56 -27
-44 -42
-60 -64
-36 13
-56 -91
-44 31
46 -50
-2 48
55 38
-17 57
16 98
-22 94
47 -66
-17 -85
-56 95
-47 -44
-18 48
0 -68
27 -19
28 13
-16 9
0 0
-42 -57
-85 68
76 -8
5 -76
-32 5
-19 100
12 82
67 9
48 50
55 -23
50 0
-46 -36
-78 17
92 -59
-89 41
-61 53
-84 58
-60 62
-42 -23
68 -10
-71 -2
-78 89
14 28
45 14
-35 -77
21 13
65 10
6 85
79 76
-82 90
-4 52
-77 30
-89 -57
19 -25
-23 30
39 86
-93 -43
82 80
-35 6
-7 -3
-55 88
83 56
-52 59
-19 2
45 53
64 27
88 75
38 21
83 -56
72 88
63 -32
-96 15
59 47
45 9
83 -69
23 72
-3 3
22 60
-8 80
26 -28
-66 48
-81 48
-37 -78
20 -87
-16 91
500
21 37
-11 14
40 92
-70 -27
-37 63
-100 36
-16 -49
44 -2
98 -15
44 57
-33 -31
24 -73
-12 -83
-81 3
-15 -43
-7 23
17 -61
-66 -75
-23 23
10 14
79 -48
3 30
-16 28
-57 -34
-84 4
-49 -19
14 -11
-15 39
85 -18
-70 5
20 26
-54 25
48 37
18 12
-5 -12
-48 -95
-54 -100
-44 43
5 -96
-6 -17
37 -43
12 -53
-62 -19
-92 -3
90 78
-25 -23
30 16
-80 12
98 0
77 -36
-46 -57
-50 -5
3 -6
34 85
99 -43
21 -33
4 -39
16 8
13 61
8 -5
2 35
55 -5
-13 34
20 -6
74 -1
-58 -89
24 86
36 30
58 -25
-29 87
-3 -89
44 -25
-34 -6
-58 -24
-63 85
17 31
-67 -45
3 38
52 -24
-78 56
-16 -22
-33 22
73 23
-85 19
-15 -38
56 -68
91 -25
-37 35
-33 -36
23 -21
-30 -50
-8 99
55 -82
-54 -31
-88 -66
-16 30
20 -26
-31 -1
-26 -16
-21 -5
31 17
38 -12
76 -50
-33 -75
6 22
70 48
-17 -8
90 -51
-18 17
16 -60
21 -53
49 -14
-38 -28
2 -35
82 -6
13 -73
-4 92
-9 -9
10 -83
-2 16
28 51
45 -11
76 39
0 -29
6 -24
17 -65
16 -29
28 -6
73 30
49 -32
39 2
29 -59
71 -14
-15 62
-51 -46
63 23
-4 -98
-65 68
2 -94
-9 -97
-4 -12
-24 64
-39 -5
-52 -80
-2 77
-2 68
4 -61
-90 -8
39 38
-76 35
-15 9
87 5
-80 -30
-85 51
21 85
-2 -25
15 24
49 61
-27 -53
-13 -87
-46 72
0 0
-17 -16
49 53
62 5
27 37
43 -52
-12 43
75 42
-18 54
-1 -26
-65 67
-49 79
-59 23
94 65
-96 12
30 41
-25 31
-68 65
57 -40
-23 6
-10 -48
12 -1
20 -5
36 -67
33 -68
-96 48
-14 -49
31 87
-57 22
9 4
-68 -60
-64 -1
33 5
-56 75
33 59
39 -46
-46 55
0 -18
19 -47
-50 -42
-36 7
14 -86
74 0
25 79
95 4
45 -18
-91 43
-86 -95
47 -50
-96 16
7 91
15 40
18 -30
-78 49
-79 18
-66 85
13 76
12 -36
-62 -45
88 32
-29 -75
19 66
-33 89
-57 -23
52 -73
66 26
8 -9
-40 -48
-40 11
32 -60
-50 -28
-46 -47
-27 76
9 -19
-85 5
-51 84
-23 24
87 -13
-49 51
1 -4
46 40
79 -3
-79 -75
-41 -66
-24 -66
87 -53
-26 80
64 42
1 -24
-13 -22
-91 51
-21 -27
-60 2
74 -100
-41 0
-15 98
28 33
39 91
-49 39
45 -97
-42 34
-59 -64
29 81
-44 -59
66 39
-36 1
24 -40
15 -63
67 -77
34 -52
-57 4
-5 71
-22 46
-73 -47
24 -81
-64 -56
-14 49
-78 35
-37 47
-89 -57
-22 -46
20 -9
-19 52
-22 55
-29 -65
-33 -90
5 -41
49 -36
-11 16
42 -55
-53 -17
-57 38
-73 -56
75 -80
-46 31
-37 -91
-26 30
-57 -93
63 13
49 57
31 -25
38 -46
-9 24
-54 -59
33 -88
-5 -84
-35 -17
-100 20
9 -42
-19 67
36 77
70 -26
-95 -94
72 14
-8 32
98 -50
-21 34
56 22
-82 13
-63 -33
-85 -58
30 23
-33 1
-32 -33
44 -32
-19 -84
64 31
14 -71
-5 15
-38 -55
-24 -16
-3 2
35 34
25 11
-38 50
92 23
44 25
-83 82
-32 -35
-70 -18
-97 3
48 -33
-11 -3
-41 11
-62 25
-33 -57
-5 -94
59 99
59 32
-2 -64
-3 44
10 -31
-8 3
-71 -1
-62 70
-75 -54
5 -89
-59 36
-1 14
41 -52
-29 -15
14 32
-34 22
67 94
37 10
33 -44
-46 -20
23 -34
-16 8
18 -66
-42 73
34 37
-50 11
62 -15
-1 -5
0 -79
16 -48
41 57
-86 -14
-78 -2
10 9
-22 69
7 -21
-81 -17
78 10
41 24
-37 46
36 82
-21 43
-77 12
-88 -5
-100 -2
75 31
-26 34
-6 24
-40 -31
-68 -67
43 36
-5 18
12 -61
-56 41
-53 56
-27 -62
-75 -20
31 41
76 30
-35 61
-64 -2
-50 26
34 -56
-30 2
39 24
30 -30
-32 18
-56 -30
87 3
12 -98
-17 15
61 -16
-6 80
-41 -63
9 15
79 -11
91 -37
-37 38
11 -62
-91 -27
-19 55
16 69
34 -8
5 41
33 100
-36 -3
-33 -65
-93 -70
74 -2
-60 3
-5 2
85 11
-44 -16
44 -8
-51 83
27 39
4 64
-1 0
51 -59
-17 -18
20 74
48 89
-19 81
19 -96
-32 -55
-5 -69
-48 -76
49 -78
75 60
21 -55
63 -26
35 2
-54 -50
40 -24
31 -100
-19 -32
-17 52
69 33
23 35
68 -60
-40 4
87 -36
-44 -12
-17 91
24 36
31 38
53 -46
-14 98
-68 -62
68 -1
81 -6
19 87
-67 -53
34 -38
31 -33
9 3
-31 41
-78 67
-88 -59
-46 -81
67 20
24 -49
-38 -74
0 79
-10 -13
45 50
-70 -61
26 -79
-27 -79
62 -49
-56 12
-37 -12
500
-79 2
-34 -51
-53 -3
84 80
39 39
28 70
-45 -79
39 47
0 -36
-19 36
85 56
86 55
-94 -15
65 76
4 72
10 -54
3 -45
-57 -24
-73 -29
83 -77
-38 27
70 -71
9 -33
22 27
2 -83
-68 -6
-72 41
-21 4
24 9
-13 -20
-55 -11
-62 45
-8 50
14 82
63 17
16 36
-31 79
-17 -94
-61 92
-17 -55
-42 -53
-35 45
-37 -58
-46 -55
-49 0
-10 -23
46 -2
-52 47
0 0
-14 -30
-86 31
-38 63
-9 -37
-53 81
79 20
9 71
15 20
-10 -14
34 1
4 19
-84 65
-1 -87
3 4
-65 61
27 92
43 12
10 70
-62 -42
11 74
-88 -27
-19 -65
68 8
37 -28
23 27
5 48
22 -9
57 -52
64 -12
6 48
-69 8
23 -79
-43 -51
66 -56
-57 -84
-35 77
58 46
93 23
14 -50
-30 100
16 78
27 -26
2 -92
-9 -49
0 -57
21 -35
86 -45
-61 7
-3 35
8 90
88 -60
-57 22
96 11
-55 42
-16 16
-46 -22
91 42
-45 -62
-40 -17
86 -78
-75 -2
30 11
-59 -38
-74 32
-25 -48
82 -7
61 -11
-31 -47
-77 -30
-31 -45
-27 -23
62 56
-7 -15
-45 40
-61 -14
23 -54
47 58
96 -45
11 -12
27 -33
-16 67
27 81
36 62
52 45
-74 19
-12 72
-88 -6
-5 -58
76 -56
-33 -6
3 12
-54 13
17 88
89 66
1 -39
-27 68
-50 -55
-20 57
-60 29
-4 38
8 -18
92 56
-36 -59
-53 -91
54 55
-46 38
-46 51
-30 -98
5 26
9 -2
11 -67
-38 98
62 -79
8 -59
-53 15
45 -20
-30 -26
-5 -39
-70 -35
-34 -7
54 3
-22 -26
-61 17
-56 -77
-97 19
69 47
22 -3
-2 22
20 99
-32 -10
36 -36
16 35
-57 24
56 -53
-57 -28
25 87
-31 15
-28 41
65 -73
71 -72
-49 84
-6 7
19 -52
-21 -50
69 21
15 100
31 18
-72 30
93 -15
54 31
-40 -57
-38 -86
-33 -70
-63 19
45 78
-85 -1
2 82
64 95
-35 -29
80 -89
-35 -9
-21 8
28 7
59 54
2 41
-6 -54
52 -13
-30 32
-69 -81
50 69
72 66
-53 62
-12 -93
-11 -14
22 28
35 -87
-21 76
-60 -26
-19 100
64 13
-28 -17
-86 -6
-33 11
64 -42
-72 56
-37 -7
-57 34
21 -86
-38 14
-66 67
45 84
-71 -12
-42 59
-70 -39
10 23
83 -14
63 -24
52 42
98 51
2 69
6 20
-35 -56
-14 53
29 -69
-67 31
-68 56
63 78
-16 84
84 -67
-67 5
48 -23
-31 41
12 -42
9 -37
-9 -36
40 -45
-50 17
6 18
-13 40
-69 -48
-31 55
-22 -15
-67 3
51 95
61 -28
-59 24
-13 26
44 69
7 -88
-52 -29
-42 2
97 -66
-41 48
57 69
68 -81
27 4
-69 67
6 -23
-40 48
78 44
82 49
90 -34
80 -56
55 -4
24 -88
-82 20
66 -19
76 -64
0 -60
45 21
-61 -59
-25 24
-26 -5
99 64
-26 -43
-31 4
77 34
-78 -84
19 -20
85 5
-29 -24
50 78
-64 -30
43 -52
100 -60
-47 11
11 -72
23 15
-16 -30
40 3
59 -6
-48 87
39 13
66 68
-75 63
-74 -68
33 -80
78 -15
-16 6
-35 46
7 21
-13 -3
50 18
-22 -56
8 -70
-88 -31
84 76
16 47
-16 -75
-92 -49
73 37
28 -7
57 35
-39 -35
18 -37
36 0
84 -3
-13 -74
-44 -6
-83 -7
39 -14
-1 -46
19 -4
-6 -7
-66 21
-17 2
54 -33
57 -4
-48 0
69 -95
16 -70
-15 -66
-66 54
82 94
-73 27
-75 7
51 14
-57 -67
-14 27
32 -12
-26 80
-99 19
-16 -21
-23 26
44 32
-2 -6
-81 -62
-84 -29
39 37
-60 -6
8 -14
-64 -79
-48 21
39 -75
-29 -20
22 23
-60 -98
-5 -82
-85 -25
-55 -37
-69 -46
-56 20
-4 19
-7 57
-39 -4
15 46
-79 15
67 18
-83 41
45 -82
-28 -20
-20 41
-11 -86
-3 -39
0 67
-45 55
-94 -91
19 -51
13 -32
-28 2
-7 95
-7 -65
-33 -20
-12 14
-31 -22
75 0
67 -12
65 78
13 -82
27 -7
32 -24
-1 59
48 -44
3 73
-30 75
52 77
-96 65
15 11
93 -25
73 -29
-83 -2
3 19
-53 29
-46 70
-92 96
-24 -58
-81 -85
-76 22
-81 28
-58 -67
60 -94
-39 -76
62 -20
-14 -21
-55 -39
44 65
38 21
-74 -25
81 -99
-34 -17
44 -16
46 0
34 28
-21 41
32 -72
-61 -29
0 25
-69 -63
42 -55
-66 -55
0 -17
-10 62
56 24
-36 -100
-19 -92
-1 20
7 26
-6 20
-55 -10
-3 -68
-15 -58
-39 -60
65 -45
-16 24
-25 -40
-31 54
87 51
24 -69
-68 46
64 98
34 43
90 33
-93 5
-20 -58
4 21
31 13
-76 -19
-30 -27
91 -44
-59 -54
-6 3
57 31
44 -90
23 53
19 -97
51 52
64 -10
61 47
34 48
-44 -64
-69 45
500
32 -84
27 30
-37 -28
-76 16
80 -64
77 -26
-8 -85
-17 -12
59 15
66 -23
-33 39
12 -77
21 -22
-21 -58
-79 1
91 31
-4 51
39 -23
-3 73
-3 2
56 -26
53 22
25 46
20 -40
75 -29
-35 -17
8 46
3 -82
43 15
23 -42
40 -24
10 -93
-57 7
93 -68
-42 -37
-60 -52
41 -75
85 63
-74 36
-4 -66
-66 -9
-13 -35
-70 19
-76 40
-34 12
-69 36
-22 -34
-59 -57
58 -16
-47 29
-33 -57
58 -13
3 31
-75 52
-36 -84
-7 26
-92 -11
9 -14
46 -90
74 -11
-38 -55
-7 -84
-6 38
33 27
42 -69
36 74
62 39
16 -62
40 12
-63 -19
-86 -46
10 93
90 30
-77 -80
51 46
-94 34
-4 4
58 -29
87 -25
-42 90
-75 -18
-93 77
75 48
-53 0
-23 -80
-57 -5
48 -42
18 -11
-51 84
-47 11
-4 -30
23 55
33 -87
92 63
31 -3
-92 33
-81 27
45 71
53 -45
-51 -40
-39 5
100 26
-5 -12
-17 -7
9 -3
-42 -57
78 48
22 80
10 72
29 3
87 -1
27 33
97 -17
-25 48
-69 -93
-30 -17
32 15
98 20
-81 -22
-26 6
23 -12
65 6
-65 -37
33 89
0 99
-30 -18
23 -5
-40 -10
-37 34
41 9
42 63
46 11
-64 2
11 -35
68 -63
89 -12
26 66
-7 74
0 40
-6 61
25 23
39 -11
82 -35
3 48
2 -40
83 -50
40 -54
-12 36
31 16
-48 -10
20 45
89 63
-46 22
39 9
10 -84
94 -58
-44 37
-8 29
-33 33
5 -19
-14 -2
36 65
-86 -38
70 89
61 -84
-75 4
-7 -47
-1 -41
-79 -45
-41 -52
-32 -43
-50 -10
35 -3
-73 -74
-8 75
29 -15
-9 -87
-3 -24
43 -12
69 56
65 -38
-71 -59
-84 -36
76 64
-47 70
-6 64
-41 77
77 61
-35 -33
9 -61
-60 -95
79 -88
65 -14
88 -11
2 -16
60 97
45 -68
23 -43
-60 -36
-8 -67
-21 62
56 -27
7 13
92 -57
-4 42
-47 75
-83 -75
-48 -36
28 -2
23 35
60 -62
43 70
67 -45
46 -53
-24 2
-73 -31
-11 59
-4 -79
-10 44
-3 -56
75 -83
55 -23
-2 41
-85 -34
55 -43
90 -30
99 28
28 -21
-18 11
-73 16
-32 31
57 62
-83 55
94 -11
50 45
9 69
-54 -26
-45 92
26 -22
81 43
72 36
-84 56
63 -74
32 7
84 42
31 71
81 23
71 -39
-37 -51
-91 -5
4 -49
-17 -93
16 2
-16 -25
-77 26
42 -78
57 -53
0 96
2 17
78 13
-26 80
-87 -45
91 64
55 -7
-83 23
-50 -56
-100 0
51 -79
-84 -22
80 -23
-27 -34
-34 20
52 28
25 -69
-33 45
44 59
19 23
-61 38
100 -29
-67 -21
-29 11
-23 76
-47 9
-92 -53
22 -66
29 -23
-3 -76
3 -70
92 69
-3 -7
0 -37
16 -55
64 93
24 -6
8 -31
-49 -6
73 -24
46 -42
14 -10
16 -23
36 -16
14 27
16 -2
-3 -21
-14 -69
-1 -79
83 27
-15 73
-10 59
-93 -40
57 -60
-2 -16
7 -68
85 12
59 -38
-12 -12
55 3
-12 -9
-37 38
63 -61
56 57
-43 -67
56 -94
52 -12
55 -30
35 -81
37 -98
-84 18
40 16
36 -37
73 -14
-14 24
-66 -62
-34 -99
-83 68
8 17
-91 -1
67 42
76 -7
17 5
35 8
-20 100
41 -2
-29 92
25 67
-20 -35
-80 -2
55 16
-9 3
-57 -30
-34 -74
23 -53
-39 -99
48 -53
61 57
29 11
-30 42
-72 -5
-72 -32
29 62
-76 -7
-25 -42
-16 46
52 44
-31 94
-80 -78
-6 40
88 -39
100 93
-16 3
24 5
-83 57
10 58
58 78
-99 -47
12 -67
92 -14
4 3
-80 7
76 33
31 8
-31 48
-22 55
57 29
-24 -43
-24 -8
-31 -24
15 -86
44 -83
2 -14
97 -77
-15 21
25 -65
-14 40
-74 -45
-13 -20
-6 -70
52 -67
22 43
-72 -65
-52 -15
-60 -69
-72 3
-81 -87
44 -16
43 20
63 -96
-77 41
-94 28
-45 -49
-95 36
45 -45
-46 -87
73 -18
-70 96
-42 47
-49 47
24 -91
57 -1
-69 54
57 -86
68 26
65 -44
-89 10
19 -56
-19 -38
-49 -4
-9 78
-75 10
-31 60
80 2
97 -14
-69 39
39 -64
0 0
81 -23
59 -44
10 17
51 -86
-45 -16
-37 -41
40 0
19 -57
-38 -58
12 90
84 10
12 16
68 51
-28 52
-57 -51
-87 56
26 10
-38 -27
-39 6
19 86
96 -33
8 -3
44 53
94 78
54 8
-36 -68
-11 14
32 -48
76 80
53 -26
98 39
7 85
39 0
84 -29
2 -35
16 -54
-38 45
51 21
43 14
44 91
50 -40
93 46
56 62
-73 -85
-38 -30
63 -28
-10 -57
60 -17
-7 11
45 91
-10 -34
-17 18
-87 -60
5 20
0 -61
-23 -44
84 48
-10 -87
5 29
70 -66
5 -65
47 -7
0 -43
-52 93
-47 -65
500
23 -79
-62 -53
28 -51
-24 3
-76 19
-70 25
15 14
-26 63
-67 -34
46 -23
18 -84
46 32
-39 32
-26 -33
55 -52
6 13
48 76
-19 -17
9 32
18 -34
5 57
4 65
-49 14
31 50
9 -27
-22 -88
71 -57
22 -66
85 35
50 -91
25 10
-88 -41
-32 -94
90 30
-26 31
-62 -16
-83 88
-92 -58
-23 17
-6 -53
-35 -30
-29 -23
85 -8
29 23
-3 -37
63 -24
89 63
-38 26
22 35
-21 -31
53 73
39 -40
45 77
90 -65
-22 -50
-28 -4
3 70
-30 41
34 -26
46 40
-16 95
-15 46
-27 -80
53 -5
-82 54
49 18
-63 67
31 -20
-41 -72
81 -6
-64 -14
-49 -43
-61 14
78 -71
40 -43
-4 -11
-58 -23
20 34
-62 -19
-86 6
-61 23
89 7
40 63
55 16
-6 33
-19 -16
79 46
-54 14
85 79
-47 -62
13 -56
52 -14
-92 53
-24 48
-37 -19
7 -13
40 73
95 -54
16 -100
45 -54
4 -77
94 20
-70 83
-1 60
-13 -68
23 -58
-20 -24
-45 16
63 30
56 -78
39 34
1 -37
56 19
14 -74
-8 41
8 -51
-14 -85
-47 57
48 -14
-80 25
3 -14
7 39
61 57
9 11
-12 -16
44 34
74 59
5 -54
-74 51
-17 -60
79 70
79 -17
-79 -45
-31 87
-31 -65
72 -24
-21 -25
-11 -27
25 -26
73 -99
50 -40
-34 -10
53 -61
-30 77
67 -9
40 -38
83 41
-59 -4
-52 -45
-6 87
-44 19
71 -37
-78 -94
76 -2
30 -63
4 -71
-77 -66
-29 -28
13 -16
83 40
46 52
-83 11
64 55
40 -26
50 3
31 56
14 52
-51 2
-4 -82
3 61
-71 -42
91 -50
72 -7
52 85
89 -20
28 -64
15 77
12 19
-9 20
91 27
17 -47
-3 -70
13 -10
27 -89
97 26
-39 -50
-7 -40
-31 99
55 -36
-54 5
-48 9
-60 -15
-9 -37
84 89
8 84
-15 31
-57 -80
-36 78
44 38
55 -54
51 -21
2 33
-93 13
72 -59
-50 4
43 -30
-38 -2
-48 51
17 -73
31 31
-21 -10
-59 21
40 -42
-65 -16
-93 -19
51 35
-54 -48
74 16
91 44
22 16
94 -65
-78 33
-39 -30
53 -14
45 -66
60 -9
-7 -66
-32 35
-27 -90
90 70
-13 59
44 -84
91 47
0 64
94 -40
-4 8
14 -58
21 99
27 11
7 18
64 -32
-19 -68
-90 -27
22 -10
-61 24
-60 -11
-54 22
70 -9
35 16
-3 20
41 21
38 -72
43 21
19 8
34 -67
-98 -51
-17 -25
11 30
28 41
-56 37
-39 11
52 41
-24 -46
98 2
28 -73
31 26
5 13
-78 -35
64 -27
41 38
-72 -58
-10 -73
18 52
-81 -60
-85 -46
-17 77
97 14
80 39
-68 15
73 79
20 -47
-51 58
27 -79
-59 -78
29 19
33 23
-8 24
25 15
52 -90
80 -25
-18 13
-62 39
7 4
51 45
6 72
-18 39
16 14
-95 -70
-21 25
-22 20
54 -71
-6 25
-2 -6
-48 -23
-53 -41
-52 -6
44 -2
7 -39
30 20
-41 68
-59 -10
6 -17
-30 -11
42 -55
4 12
-7 59
11 100
-6 -14
-18 -26
-22 58
47 -55
-6 -11
22 5
-25 61
41 -28
77 84
35 2
-27 -71
-63 7
-43 -59
-4 18
-8 83
56 10
-24 24
-60 -18
93 -33
-42 71
-78 -12
87 20
40 -32
-10 -35
-67 49
20 -49
-19 -9
83 -61
87 -70
-25 -2
-34 9
-55 -44
26 -55
-64 -71
61 -83
-14 -71
-18 -84
44 14
-32 -23
-69 -74
0 0
49 -26
-80 -72
65 -76
82 -29
80 71
21 19
62 18
-47 -13
-68 -83
44 -16
-79 -36
28 85
36 -20
-13 -55
8 -37
19 50
1 23
40 -84
89 -62
29 -17
90 -22
90 -6
-43 -61
6 27
26 -2
7 -23
84 -36
-5 -52
-51 -8
78 53
-86 28
-38 -20
-51 -25
-42 3
71 -18
-57 -28
65 77
73 -24
35 31
-60 5
86 -2
-29 52
-28 -98
19 36
62 16
-59 30
-7 -54
45 -4
-26 -40
65 14
9 58
-26 97
-14 56
-28 35
-35 -50
-87 -20
-22 2
-54 65
-70 -71
-21 -29
-60 33
6 15
-1 54
21 -56
30 -87
-56 -62
57 33
-80 -42
50 -77
34 17
-51 38
-7 31
-61 -23
68 42
-32 60
13 -24
-41 60
10 -17
-5 -32
-77 25
41 19
-19 55
29 60
25 75
-47 31
-57 -75
9 0
6 -66
-49 -50
-22 -31
77 -56
-61 -36
-64 -7
-14 62
-4 2
31 4
57 6
-34 -95
-46 -54
62 26
-12 77
21 -84
-29 -29
66 5
-49 -22
-43 -34
13 -5
-96 4
-76 53
-56 -74
-70 16
12 -49
3 36
56 47
-1 -29
-32 81
35 -86
-15 -80
1 71
79 83
55 -96
-35 -70
-18 -100
-37 -56
55 -31
57 60
-22 -57
-15 -50
-40 -53
-48 39
-60 -58
20 -16
57 57
6 40
-62 12
-54 -55
77 62
18 -52
-86 -23
-59 -15
40 -51
5 9
500
20 -4
83 83
-10 69
22 -90
-40 77
97 -44
-14 -44
-16 -2
74 -40
26 -70
-21 -35
-52 67
84 24
-52 53
-81 -30
28 -18
-23 18
-12 57
-8 -70
-2 -56
95 45
31 -32
-51 -21
57 -41
-47 -17
89 -26
-78 -4
58 18
23 -45
-29 -14
-65 67
2 -18
93 -68
43 29
81 -55
10 -14
76 9
-47 -48
42 -31
-82 21
-17 -3
-28 -70
3 60
97 -62
-15 7
-15 -79
-29 -15
-2 20
15 -7
71 -90
-55 83
-54 27
1 92
4 -78
-50 27
12 -95
-82 55
-24 -25
-54 74
10 -54
72 9
2 46
-87 -49
-70 -7
-33 51
32 12
54 -77
-50 90
-42 -51
-46 -71
59 -47
31 9
24 -36
-7 71
41 -33
36 32
14 1
-3 -47
57 -20
38 66
25 -38
28 -69
46 -80
-49 76
-48 -45
86 41
-32 92
71 37
-57 39
14 76
-81 -65
89 63
-1 -45
-65 -64
6 41
-76 -28
11 63
11 39
-25 73
-93 62
54 29
50 19
-11 53
-77 -61
-92 -70
-47 -52
-75 34
9 94
-69 -8
-22 -7
-31 -89
32 93
-1 46
42 -65
-98 7
-17 58
-41 -31
-74 -82
-1 -65
7 -34
9 42
39 -11
-73 53
81 -54
31 -9
72 -11
-9 31
-12 68
-12 -31
15 -98
-58 7
52 41
-84 -25
-79 -62
91 38
92 7
-76 28
38 29
-53 -79
-13 -79
44 -69
-16 -51
65 -1
-42 -23
79 62
-91 -16
-41 -70
57 38
-5 18
59 40
-47 48
97 20
-78 31
42 32
-53 -1
44 62
17 84
-69 -41
-2 -58
6 -66
25 -13
-67 88
52 19
23 5
4 32
7 5
-9 -36
5 -19
62 25
76 0
-97 -58
27 11
66 -31
35 -57
23 37
-69 -30
-44 97
-3 -73
-73 -45
-49 11
-22 -12
56 -25
-15 -30
-90 51
-29 -7
1 57
-35 -45
14 -43
-46 93
23 -20
56 -37
-92 -66
-15 76
78 -6
-56 -54
41 0
35 -33
-85 96
42 -97
-64 6
96 -13
-2 -37
-51 12
54 42
-54 38
49 -88
55 22
-81 -93
-15 -5
-96 35
-58 -13
-6 35
-22 50
29 25
6 -36
68 78
-34 -50
-55 -54
14 23
-51 -86
-70 -35
-17 -36
-94 -15
14 -82
17 -60
-82 -69
83 13
68 -13
-66 -9
-76 59
-85 68
29 -49
94 -43
22 -65
21 -36
18 -81
89 95
-46 -48
12 31
33 -7
-1 63
16 75
65 30
-27 28
-83 -40
25 8
46 26
61 60
-2 39
-43 -24
49 92
-67 36
-77 60
-11 -13
24 -45
-63 82
94 -98
32 43
45 56
-63 61
-1 -57
-50 100
-32 6
-13 9
43 33
82 -73
-62 -93
80 14
6 -10
-86 -2
18 -58
-12 67
-46 -74
0 61
29 19
-61 55
55 93
-72 10
72 47
-18 32
10 -68
61 -59
-16 56
88 -16
-1 -12
-77 -19
11 -29
-20 -11
-44 -5
-34 76
-17 -20
-83 65
34 -4
24 54
-4 6
-34 -84
38 -38
54 60
-21 67
95 18
-33 -14
49 -20
14 -44
-43 -43
-49 -96
-4 90
-69 26
-63 70
10 92
1 -39
16 -43
50 -76
60 -9
74 -19
-35 -67
-38 -99
11 -55
-65 61
25 37
-53 49
5 35
42 -11
-69 -25
28 -6
-100 89
-32 61
-95 6
-81 -8
2 -39
39 36
18 19
19 94
46 4
-82 10
7 -70
-85 -44
-38 97
-64 -91
-79 13
-83 39
35 -56
43 54
-12 -48
4 -52
35 35
-2 -81
100 54
-33 66
-88 -3
31 92
-12 -35
-17 -93
-42 39
31 -78
88 -40
44 -87
18 42
16 21
-2 86
-51 79
39 -10
57 -47
-9 -12
38 48
13 -90
-54 -50
-4 30
-42 9
-86 41
35 -28
-19 71
-70 63
73 -24
-58 93
-51 54
-99 37
17 -64
-10 -93
-32 -66
11 90
-13 -31
80 -39
-69 3
-43 52
88 -99
20 -42
-59 67
58 -95
-35 21
84 -4
36 100
-26 -93
-48 -21
-47 25
33 -71
65 -39
-98 -64
-59 61
-9 -99
17 -75
26 48
-34 87
18 -95
63 -27
-67 -28
24 -46
33 57
0 52
-21 44
-36 44
-11 28
-90 -4
9 -8
28 -82
-69 96
86 -86
-3 31
-3 -37
-74 47
-32 -28
35 84
-67 44
-53 -86
25 41
58 -89
53 -2
28 100
-50 58
9 -59
38 78
-100 -57
48 70
88 38
-21 -50
-41 -38
33 -12
19 -67
-30 -56
-73 76
11 26
-43 -20
-34 14
-7 -95
63 -84
11 93
37 -63
23 70
-46 41
-69 55
57 99
-12 -37
57 -85
-3 -18
37 -24
36 35
-55 -23
28 -16
-85 15
93 -24
-20 84
-7 35
4 4
-50 44
57 87
56 15
-43 -58
43 -53
55 -65
-27 16
48 -46
-99 -63
64 73
65 4
-75 36
-34 18
4 -39
26 -17
-10 -64
-94 72
-33 76
30 23
-58 43
-76 100
0 0
-54 98
79 52
-27 -91
45 -8
7 -36
15 86
-16 -68
-48 5
-95 -85
-91 -9
-52 -24
-89 -29
-20 27
0 -3
-61 75
18 8
