452582
871496
672112
539847
998068
932345
535550
30349
160740
874391
585843
216548
756408
358072
796055
880999
410050
631526
873078
436388
752809
819197
674380
814041
451972
445484
899471
766847
70907
751311
161497
832124
821255
636578
263412
552862
17456
710899
622017
557944
61488
631679
527174
83342
675718
112478
116735
424242
199828
381261
432102
306556
242830
607104
447418
636165
51571
403659
278589
87635
266022
382779
299285
553987
777661
378797
215971
929859
123467
300196
949010
682485
113701
663058
429158
37237
950390
829737
40585
229916
189534
266294
918094
216441
551575
859940
555148
449746
299370
583198
579528
435465
712355
511434
425640
576910
193753
713577
421922
982290
462797
172205
189478
283209
872977
863922
566428
18082
241328
534077
879701
601895
99456
102565
467930
246579
254277
235776
173721
975486
382260
878074
879684
797254
217445
240551
790378
327820
71199
535646
936045
523187
543023
816518
213762
228570
438717
18015
451736
138096
615564
490364
581681
876443
420062
864154
141333
466346
260318
938740
704369
5873
554171
660125
532011
58001
394389
703618
883653
345394
87298
227604
722320
262284
506689
271055
118909
771823
721973
394728
953646
589023
700010
173168
962795
136872
824356
227304
71396
434270
177017
926878
433336
623822
383544
715289
56000
827452
578875
280203
59769
909759
597198
637643
961113
476639
778223
64253
388907
161047
583803
204175
548444
349777
172532
132137
458477
317169
2069
508544
973450
238797
577578
961839
163399
983205
719852
624096
603188
247459
33675
835932
249568
669132
957862
990568
414717
694178
109159
9388
707783
20694
677419
523543
509392
950228
705041
172475
382372
463806
25048
627371
421343
115465
608304
127065
262797
761945
161020
681356
970925
383521
820426
811362
833587
555158
789343
361573
199634
240102
282693
851842
389945
565680
696016
557743
557870
142642
437894
460016
850003
424116
927858
724218
479202
652254
889570
883294
349122
632205
182122
722025
190606
361979
407196
533958
16462
700626
607636
931214
188349
462836
856259
572978
930525
955047
781048
330195
6366
645920
976813
307979
435344
52126
646656
550481
705868
291502
838400
568788
477107
681809
590065
244411
83302
55220
72020
852568
226073
33565
342641
892566
805781
561598
450565
63798
346179
9824
348691
702201
453936
955574
447023
387003
471841
992746
462940
434220
431736
890500
906622
64262
769439
988495
305249
545494
278232
366422
408597
286011
515522
842891
573230
108997
998051
727849
441186
705721
287505
288667
205701
557961
720025
324835
951549
247285
937737
811736
749589
601013
468678
115318
369717
245629
609597
63385
921188
753632
455905
433882
35545
649621
707035
238372
669459
515962
947224
835102
847775
222676
401141
626747
162978
246517
931769
124235
983746
370662
177111
104740
683706
613303
544251
456873
106589
571744
189020
323457
24289
966981
584539
47692
579359
561674
374224
190307
375565
172388
48048
376941
384822
15939
149397
645679
289881
446390
219483
515883
997528
751960
928692
416501
281057
863204
894226
289646
522106
24656
880234
809454
602875
615129
383677
591465
414398
14884
634197
219250
237121
701744
703763
111751
932613
91072
865701
452077
948727
822377
940184
162543
248488
946476
555084
758019
827659
354036
52207
996593
320842
376900
46729
750795
781311
258229
836904
186412
389933
131899
80498
322649
557093
721982
224212
403121
526402
410337
625743
843518
755726
498550
689335
499528
251060
138813
791334
395863
636506
779626
484459
690897
368488
812556
644051
553024
518625
934350
845841
160084
776575
619412
872617
66125
539496
826167
93124
420269
109105
973021
896510
7063
158311
922155
908484
220330
867398
305568
814059
467504
418838
998140
662078
812001
164906
77499
453041
693590
310708
367203
480077
231025
358843
619079
555546
576785
777227
183514
943003
570531
887537
899085
487782
919177
947398
343856
919075
187398
791766
990590
620490
750379
947230
237467
295391
335911
584661
127787
643442
302903
800756
931870
613954
527280
72237
126919
629847
104535
188168
371573
15169
677403
384443
398211
714896
858039
647689
329402
819409
336513
14181
902001
630731
726431
88199
123215
588266
200180
3913
106119
391453
648300
770693
643610
273110
950394
468365
47445
484777
553000
453284
133929
426964
18353
93902
400408
509916
346645
784449
925572
337603
482132
304038
644306
83642
564194
283284
662928
742474
257764
89494
207166
312648
782890
360717
518656
906345
134567
217385
790839
914672
226219
757241
799189
727755
92628
883497
5554
190544
713547
492429
503286
57807
385052
19400
441204
261166
567967
378647
284451
605801
338858
104215
919478
549140
514446
754174
530138
878222
841056
858160
88146
980630
163865
361645
8852
238940
721924
913471
932426
269798
421612
70261
495613
697714
588350
925017
261893
877249
740392
371800
148069
134604
382532
605545
62354
464832
992331
214710
389866
862249
728732
17505
177580
124979
721050
236330
755921
96678
586734
931704
922679
250023
498644
53724
68052
111523
266655
555362
545973
733406
368102
563659
590081
832389
644374
865821
721928
894114
893316
700614
812092
168306
481221
473908
286353
500797
904726
149883
63587
449387
313551
418220
39475
844248
99180
952392
846916
400448
570920
811292
88590
968751
136291
896731
531827
747058
857478
956159
897205
847261
394212
947830
23429
123579
883204
706569
179994
1108
673209
592717
459916
319246
814923
241893
525507
446999
314418
798939
977256
689309
109187
822982
350330
535169
793257
476715
129600
155218
899054
103772
554178
472295
949382
924022
239505
332076
2480
749493
47060
646099
980910
323471
680685
984038
334152
898310
874183
987088
913231
36490
769916
108089
485996
139959
899355
992332
513137
374745
70171
236918
495058
929700
392668
712314
666970
816998
609449
297700
482519
878008
706531
412968
13559
523436
505862
481376
882362
314759
141516
503068
766994
538622
840450
812337
305792
809604
68261
643385
385140
997028
79173
736927
818653
75642
727223
905681
398521
240099
966877
191028
593478
555863
767654
124972
343579
860039
193198
216751
476446
396859
336198
632249
48176
12671
79854
697333
499568
197926
926597
661843
495272
381544
342007
44228
885293
636903
470834
727948
996027
150885
489262
289915
157281
781490
839039
26509
939199
577824
463063
302420
933277
895986
869328
428380
263633
253528
295961
550345
836866
700312
6726
438139
44894
409111
553277
637058
195053
345196
105444
830883
872128
808852
782328
705659
6732
563510
821304
474848
837883
679766
442822
752994
232288
13821
444705
992946
460585
798188
191838
181893
212632
92124
461768
174530
394608
379335
247281
844487
953446
692923
165052
776312
886073
891210
417291
856706
549449
577853
941813
76797
274938
521076
612105
670016
245325
405479
158292
831475
193569
41442
263856
720275
251157
700332
839327
13408
557754
193403
482811
154002
464846
503900
995091
109607
112470
179036
647136
568780
264656
215587
825739
556506
431693
697067
925798
85302
957510
959607
955462
526008
675873
412409
88000
715152
795315
174751
892978
852608
249283
122274
30321
358369
975020
764452
583150
176337
75305
308050
801976
534173
151331
751092
81238
647906
501185
397075
677527
53326
270396
800607
640648
233839
179609
867184
951186
4614
961168
128485
219459
309143
539862
668905
237505
106318
387234
966335
831059
378547
134866
184020
794353
508550
339614
919828
883053
209284
296380
200800
325999
57377
610207
296650
515722
790912
968897
578121
458807
172785
574609
194164
207483
402526
315209
448501
308923
393440
263112
75327
223713
866937
394429
759710
630429
422604
648765
119493
171719
825901
789769
900883
792574
346129
288295
26472
568880
640769
469488
371432
928157
705551
509838
115557
928393
916326
380664
136535
720500
688269
692266
477774
969990
661822
222836
147075
262608
960787
365719
150344
840287
144952
342899
511775
77099
811759
558104
936108
145972
239521
505668
100104
793572
515444
105727
123348
175675
179796
471030
16963
355693
537429
769538
203309
383160
991636
933382
165551
89768
495075
762181
619962
44001
293505
778949
507984
860966
365017
557612
415783
915853
546711
465823
675474
987521
646736
100180
141500
924547
921097
286132
660140
935229
275417
499615
728996
45271
939062
228150
614721
49770
594383
394955
594067
586253
299165
639037
310328
470390
826160
541288
816652
394737
328565
426709
81295
850498
654138
486063
100178
854027
392993
891269
617462
10301
312370
861802
276474
336588
461102
472085
576004
234781
139579
96826
44441
540760
155191
225405
990468
95473
30827
454363
796467
713047
203842
968477
223077
259540
437653
374683
192831
567753
352754
271959
253703
553745
243868
612600
76031
657429
835860
520724
897655
351597
34363
707232
253159
931127
552194
103559
199608
346791
233268
313127
225095
552617
130626
247742
866875
298317
112243
617357
985926
873742
765754
605460
280507
626917
538674
865009
106417
707612
582881
706241
853843
524781
302766
621424
880653
430150
456390
191008
880525
789227
629698
475997
144427
315346
266685
648758
514536
187423
617365
625040
450048
882195
258567
80162
385634
970528
125696
607017
246550
601471
137906
75421
246537
381450
161070
650687
204218
51278
555127
464275
703368
844723
253259
414939
438094
52242
233584
124742
196443
79753
973448
43590
473700
590288
986437
723952
374397
900561
892269
954115
5922
450858
637849
664653
820999
911146
613143
663776
909682
108253
619629
410391
64993
502015
108192
622232
762283
504051
744328
227157
895782
497049
350788
758722
724096
429951
92664
890560
717678
327732
153199
622035
417301
386733
739444
32000
461606
241436
418460
280186
527434
546914
489112
417223
597947
163239
147162
121604
899872
944971
973387
797430
145865
636196
907213
450583
375086
994821
256886
79487
101641
673804
223696
426350
975536
205565
176036
760231
54542
322098
159978
63642
225702
585035
837203
959141
911470
687465
936250
441905
244888
694730
759027
77608
555396
145110
749181
203394
312593
837992
62789
879762
140384
76118
202808
961689
962979
675113
394956
423842
779215
412789
929849
451484
304604
682810
798693
667352
635702
633244
672671
828643
728094
988098
437513
965563
124502
565443
60830
231204
802591
234522
412550
4246
451622
630991
89474
918059
480976
211725
838261
791726
970272
790562
853210
391274
73363
661573
551971
467030
215333
750062
892314
394854
970986
165179
109471
491176
322413
863710
447518
126077
551961
724088
16205
781600
464516
191407
231822
728494
851323
652628
872230
924363
82958
809934
33341
375170
186166
895691
403061
103563
562208
710458
550825
443584
186112
612814
205531
761193
678589
338432
137580
770966
704816
486711
305924
22492
197372
968890
590907
250309
694698
386030
214601
365571
468089
101348
684694
882331
612143
526659
126734
752085
811284
29892
741867
759196
50712
371469
578019
161609
985835
581958
81912
870339
183558
420053
599436
320122
899572
791458
740095
459147
400725
891777
221838
41875
619490
614832
695505
488437
184247
311370
265742
74414
424014
88843
658064
115536
671636
215951
282789
106002
598150
451546
717773
723974
923218
346163
211968
315315
605465
237977
623986
146723
379742
49767
736471
341725
2592
98393
442464
855689
964113
345960
935058
365868
4650
256471
30642
524133
465060
252224
794625
829319
222438
132546
201642
807903
171248
858800
112929
520745
978950
485127
601019
656848
846508
656106
276145
575294
575857
311787
102769
70236
281458
323213
944560
857980
785548
691948
423234
78541
566079
790080
3127
754986
496036
786983
136982
92979
440937
803181
310477
269276
763147
739630
188197
948412
859245
75439
17990
573461
99927
727053
786440
389288
952874
354321
267228
384238
849140
395213
578408
53949
938143
169432
601732
645001
120945
131471
882445
186285
347284
448054
108999
107512
500447
254452
515925
205923
439342
809513
132568
470897
996091
449327
546150
4484
143832
519630
247720
18609
899534
689822
279480
921122
948502
576116
606989
584972
22844
142164
570451
264269
840789
436813
266556
680431
780021
188404
78705
462093
44724
804812
619553
460393
970083
977491
165018
933008
482444
827810
511159
461905
479689
730621
345246
986451
688271
543566
905027
620414
405148
993344
482004
236772
852355
203088
439450
920969
342860
631813
649284
161074
790558
586597
831859
779885
408969
758842
336488
513719
133076
586990
906288
472892
821610
661700
656268
756174
469392
256572
954027
935736
240225
675053
267059
470593
51148
646806
708774
402693
774631
973835
544681
640517
27725
659508
191073
431174
72837
314794
435888
752608
922993
804183
682643
396526
984167
776148
909957
218612
915812
279956
156317
402803
33668
262029
478180
592859
947180
105768
339014
719365
334590
653028
685024
808554
183069
855961
884741
361629
334633
865452
594719
434977
357353
175569
676144
786386
946522
507888
26388
249336
280093
807465
812751
261656
259976
428027
666901
146151
1690
850951
367424
857348
928275
937700
112897
496605
488470
866521
959396
164975
450564
36810
433749
412267
210126
416450
500020
364369
848654
126896
817915
851050
298166
255254
437776
74172
527991
297529
760899
179497
390987
963499
852646
763302
782052
484481
621629
605124
751399
589941
372123
996313
981256
838224
336812
229568
989412
671961
321429
155435
473345
469159
783534
444564
454752
749032
65178
75522
16253
91675
69671
129213
68059
703387
985314
499626
811670
223689
468838
421568
405560
256240
619554
183158
372761
859536
61562
446317
685553
575344
244543
688542
173475
358955
993371
90814
576333
203911
517262
306988
647479
870516
66822
780965
231136
580493
692147
316765
551354
761106
298922
914670
471103
499974
489340
858784
854962
88506
818552
462055
393733
772205
115317
157345
519374
154241
678033
993306
541747
899879
602151
389075
985018
755573
450090
848901
528271
699745
677707
544057
392651
798298
219702
682496
249370
116656
847520
47774
593237
623300
728037
377315
548291
478207
605549
76601
794043
571616
714188
93854
260930
774072
860093
408103
867843
533460
373323
990506
362121
35113
713773
20728
315694
58613
300904
401185
461620
924669
257858
952881
800244
934226
935771
861183
779897
232325
521810
145584
876271
969416
56402
391751
128376
664431
514602
275276
689246
890257
751401
586349
71064
57991
324960
718374
244007
840721
334540
872553
549922
503374
577548
559117
60900
273934
83277
819205
967743
807713
468596
938676
89282
894665
77461
653140
245120
516252
741134
858345
746846
837978
842956
768672
495634
380081
435909
953528
506174
964174
916582
665027
251388
803637
58647
907248
734760
106300
722869
27775
35675
849298
17539
485795
533583
349221
102745
692737
466585
787542
279589
577248
826060
222733
800012
43522
476908
334164
189156
594394
44064
966176
352125
267639
201747
28336
167561
125041
15483
528272
870082
536597
830222
526042
752740
943628
364753
983780
741884
684523
440834
601531
634124
452268
779194
354526
958826
594594
536155
624799
547228
890813
184055
361392
472458
287177
613643
402240
430642
535091
261030
602415
734531
608352
378820
487608
853946
726401
311382
22761
809699
969161
951405
196420
298924
662098
862096
334411
952784
533906
968566
349261
585264
268219
405119
375225
783801
274577
696293
466435
333500
402312
646134
967379
859562
888944
338605
166879
125386
937235
979096
981071
561893
790877
188716
319759
151994
353534
903880
806098
924342
569863
195975
633644
119832
821659
824824
32515
208516
839214
756587
715522
38068
523513
607785
390101
572371
386822
934366
72676
933178
318081
619478
287302
926075
991430
77035
852687
813887
837362
635039
51925
911877
200069
459003
534768
287566
422916
597650
860081
496518
449534
796892
535126
764875
960942
573332
474020
140065
540957
77198
314625
764049
410054
4155
780857
815917
479563
268182
945648
545169
344545
448639
397027
970361
814824
845727
442783
513315
494571
286125
730811
889895
353174
40105
384655
943955
910183
916684
642434
719285
456827
119250
898224
763318
738701
529881
516341
20838
328228
508968
235724
698768
558669
94581
247348
816471
455851
945937
523164
605789
303982
87047
525487
910115
96906
197393
115986
902024
222212
937469
58008
280577
177877
392526
872768
922943
430596
315396
83004
406462
195620
585785
700827
380768
732517
83902
988459
213353
847795
711840
757542
473840
922305
161436
158861
623162
327976
841190
919825
273789
940169
115178
169755
291316
923410
295442
213369
419362
833629
812605
271503
584247
16651
61608
853014
101886
611011
752959
329350
373043
525559
490245
938618
787746
593563
162823
75666
197025
675307
663159
658529
447468
533837
615805
802871
984695
27767
311914
6681
830006
492509
439029
887042
678450
742084
104598
243681
984032
363827
985947
624152
844552
422917
816836
559124
49593
241629
838928
309080
823685
78550
648249
65758
867025
190887
81276
94272
210755
839386
37761
205740
895288
562186
878762
739838
218227
23832
836003
889547
10930
658655
501542
648782
988388
96427
648786
212496
490034
703762
836952
6138
176690
244080
460704
674243
137383
566599
544856
469980
173414
189470
522548
838946
935598
186381
89517
933519
69615
968600
442843
572487
441552
182358
694777
378558
916525
510589
429600
629185
828630
120004
816001
509592
916344
726357
939776
142775
342681
937814
139188
68419
228251
403774
875969
483711
17742
577395
738484
985632
108537
460513
891304
908128
830877
945499
65421
200215
888394
175601
337348
344209
314783
806830
204751
513178
820547
522228
674441
861786
344905
479847
17296
148451
432498
643666
401173
517818
844076
186487
372986
668943
970725
483669
893274
47226
569876
134260
251532
384392
606750
131434
489877
31220
698879
52012
404052
339235
376008
218971
700512
202368
916275
767579
371402
468318
727675
866234
821375
977412
504620
240280
941643
385313
779367
327253
988045
295687
591716
855
313792
252120
2225
523944
721279
285182
815794
562162
702115
971813
445588
827764
90778
747690
511734
220337
264552
23224
286446
903025
732963
207669
228393
974662
586720
389546
648706
677947
775047
150503
15037
532786
290460
306272
869049
513253
660346
416166
983807
272992
109113
405955
530372
63946
499358
612103
58656
673062
396876
653151
420554
819676
496439
202026
754334
759566
95892
646716
849731
525132
930119
702882
535390
697387
408705
838237
622588
796136
647358
628865
355970
495834
495750
721223
634759
725301
578690
237173
518958
324267
648061
700658
478670
150107
781553
376027
260581
337664
649294
408440
968314
557102
476183
123502
384752
401116
275296
431319
127679
385445
800054
531432
720702
478639
726147
663844
832126
406741
209933
676957
308582
205408
550383
981691
728830
96335
729837
608250
835961
352220
497367
351157
15857
768014
818355
670047
463221
997218
465853
689484
647849
706289
423170
256687
174830
814959
450328
915440
289835
783710
916051
131566
424379
566499
397085
213719
245606
121265
706642
516445
653893
698477
901418
948841
242855
446764
605719
214811
365704
62967
756296
527948
298302
726508
28251
536333
972493
245493
754509
346720
306521
43297
994055
180538
258510
804398
450952
317579
402086
831552
739672
622205
402957
123973
392027
761699
882977
851514
186938
436579
769488
926091
284273
850388
291514
144897
894556
312562
468570
432767
724244
449198
211900
307293
943325
923606
674241
701544
10623
33806
799126
213549
16802
447949
551647
127946
19465
797707
221329
466776
427598
104307
871572
109487
522101
626784
776069
450104
737993
831623
503088
499499
232363
581100
616264
259294
41912
325454
339774
723809
664377
142411
836598
415692
729021
51661
171590
339382
643758
674696
240596
464203
809412
748763
369026
286485
421056
180591
834622
101662
971133
758086
814854
917065
151689
212988
247250
450359
197278
357244
713256
335621
165878
766980
507928
498768
772491
562657
158879
793466
778950
84951
839508
216643
207718
608476
354090
116332
737790
871366
398256
589232
69930
197644
886512
377600
520189
175756
635387
13361
598952
220717
522953
370133
498887
870916
543002
828106
408711
23837
498157
885871
272767
525131
564977
513141
863966
320029
980235
504154
396739
192017
630917
988472
904946
885146
458888
434460
170341
499257
295811
407343
855583
256923
109952
582856
204089
638787
864934
669358
984730
178960
146926
414765
695913
33040
841935
432093
159093
933409
829882
978652
879209
417552
697875
57498
961536
607107
19974
637223
196777
93992
538636
867430
474138
400664
573860
249584
337330
623908
185646
139
861040
314509
612975
743517
238391
191447
114003
768269
35149
695939
666826
840885
364019
229179
344884
592467
171888
331736
607299
229291
209113
169160
275005
874835
200505
560983
965548
130101
294756
633516
905031
472391
952216
486462
782840
488511
840838
131236
67569
55058
990312
946353
576411
503470
417047
806807
84859
665539
71511
81641
964356
954381
904488
550914
171989
122759
958952
467189
385843
630181
167459
500021
183382
34576
659488
248708
622125
169457
184980
377439
330090
535174
845494
585143
303867
709635
904168
180121
719143
538439
964830
374911
442091
92356
617083
503727
678296
131068
128227
37072
142511
354034
655385
524658
646495
520822
501585
328188
771938
733482
672620
422253
3665
199766
716082
495442
870499
80807
479430
345424
425211
371272
110284
682460
443673
852609
651265
552112
455595
552535
847608
2998
519576
365739
9997
320877
989965
496116
391203
839016
348675
684799
330624
888604
987859
551228
497634
266178
161188
720129
623214
552357
694236
449655
893382
635479
265751
429260
856263
160969
551777
26875
800670
131888
895614
650358
842829
122389
921292
695952
261309
999258
975584
487991
606742
502989
123210
508630
662980
81773
686067
958751
564377
87271
712111
884061
874619
494266
504713
286766
814142
924097
637566
425696
436041
610919
20645
631007
323411
577172
258107
905928
61762
379893
129667
637184
813922
199616
210433
630757
665434
177190
550459
336088
859163
183710
758724
546382
227890
993450
691151
868404
237813
197774
139554
533121
296546
864959
706990
820380
876429
547081
967622
958984
374327
891672
683469
424797
338074
269570
422032
476910
309981
774758
943234
32436
193719
985819
648182
408265
305877
442666
533441
112168
905354
899808
779832
673042
954613
125179
957889
576458
755597
610447
693776
863372
203470
839726
674518
132500
457965
118411
391441
500269
86857
351940
827376
799531
227910
760893
473705
482247
546589
424051
136896
325311
201266
462544
571962
734168
563789
286634
126629
544763
761292
250655
6835
342490
565338
525299
467407
84033
672917
817004
682069
873095
863778
68277
694819
544603
127764
653063
73082
809579
343861
29364
460389
346919
52912
227816
521624
912307
948265
480623
408610
430894
772818
839261
121355
727166
149264
503920
309680
38960
462441
742783
905858
675015
903377
214274
151883
948773
599221
879257
467352
521781
404902
856415
987109
127792
550480
308710
373954
883933
742516
560745
29851
270281
269428
57026
121103
278886
319673
615183
597067
16821
190461
734458
497653
615849
363122
919067
472386
134319
665688
135670
863885
293451
764308
692243
99532
431761
425548
411013
222198
228188
456275
90991
735332
539567
149491
161279
969376
843955
232322
210412
205164
60514
181356
377722
726953
946915
321747
567030
289460
606181
28298
490402
108427
226342
466539
207698
836669
679698
406408
26668
128731
564215
190186
552128
817322
542825
562825
373086
455152
630464
978087
37363
540871
510401
274834
390525
46936
651891
109806
982671
487339
710810
195041
340460
821248
891113
515339
288313
445985
31246
792019
318771
896228
433981
716243
615605
234735
932138
609398
384303
552976
225830
142860
221393
737314
338144
577259
784649
233146
384903
738670
180840
27894
914594
897011
667029
911567
916324
671144
922627
637557
534603
342511
519209
316750
541429
426096
117344
192801
780899
103549
803876
224764
722973
783370
921881
698120
312048
393790
419302
137205
596027
520983
489044
119588
484585
899801
458677
638292
244949
593993
826155
738605
764860
692742
402551
331467
571816
994646
682430
372517
493590
266577
582207
618382
526141
371156
417984
326962
388700
158683
801645
812896
506412
577424
316855
576836
835259
777109
790830
311358
371905
533916
834200
943241
54224
20787
374415
562964
719253
361359
584106
379283
306106
351550
667181
451870
746347
739618
956527
950060
667480
601814
165395
50658
65057
808373
119285
351252
560017
67396
477044
519855
312376
954409
43171
331693
690630
28382
498243
339708
768297
730312
334708
605889
339180
649640
412333
64923
702268
880860
172654
242363
162869
682681
373545
872099
324455
699443
384497
782956
228433
178004
880290
913922
968810
777473
873649
599450
372151
133183
49407
212933
273853
600852
591655
520334
801406
460853
319938
434626
461385
889438
786841
880563
502361
583456
495001
587198
845592
297711
95211
297739
984609
409476
920427
286390
688883
169402
904919
210333
408712
582928
626934
7709
400465
631823
952407
858221
886197
391609
955046
967019
793136
819505
913260
15989
785267
310582
557308
538117
603551
713477
275566
288997
135044
949676
240318
942361
838303
759354
470877
882209
978233
675419
588663
626359
182795
212218
676531
86432
76274
999051
483891
216785
241786
593883
844559
571504
529218
959503
564547
154711
900446
830434
811100
656953
935825
348353
744701
662344
667431
636381
612952
174915
962086
589823
733676
126187
774556
902672
208835
82977
372718
354527
163746
453363
289576
885366
151985
445025
323539
182776
235177
67548
508637
32972
550095
667651
489828
244926
467136
889051
660830
815208
869195
490785
816778
509254
772580
774700
390546
316193
239416
799943
981349
649778
226938
409465
710858
982666
902604
462434
625287
698630
49453
41618
476355
999671
685222
466448
824381
497662
526268
645910
616036
231705
345684
146556
190514
40361
233647
258834
999506
163437
90015
88197
566105
674214
606471
105288
271450
934396
691335
60176
378475
818122
675264
177708
583053
453953
148004
791892
522164
169923
347302
79878
208333
270951
780741
480546
333957
36795
406961
469467
559344
13057
852652
262408
73860
738623
448760
399668
413779
274461
565513
560124
291243
844951
628255
797347
798994
61522
757452
715333
440986
926646
312608
5127
496213
2273
443992
247574
140054
593149
848914
323470
380410
305289
829400
764362
557852
280326
154652
806095
21684
924735
856118
596687
974976
768327
661134
956127
551190
785667
497332
795698
989371
188527
651695
927635
468790
213444
867801
826830
906667
894498
447342
155847
401781
119959
348834
596577
484248
138593
727397
38098
443040
395531
421556
694493
246497
3701
899592
938153
529755
688250
257082
129862
545046
510862
401531
630768
709060
815207
265359
42738
708507
58415
992567
460775
348499
171904
505919
830128
753365
927929
101763
540574
741915
34227
168787
800465
390842
345106
802237
200777
386907
6933
720170
869256
145212
576408
663638
16859
372968
534509
372583
550693
206521
449719
876540
389885
226230
695398
227733
858009
243863
176360
975508
671921
237177
751630
658458
870565
660509
560885
574009
356413
664384
76429
913333
108004
192753
867934
556954
369721
978057
324962
843271
199895
884853
994707
559061
488283
61295
60372
395382
870555
70190
99466
71698
716347
859765
539256
577235
336876
115843
68905
722129
701092
486029
21465
352575
722155
772526
502715
191729
715850
765226
478773
711650
371018
724759
110997
982940
501156
322563
295446
845763
131308
235169
413416
777939
825146
846979
27300
584070
567755
221167
30371
937288
530884
971240
151798
21775
311783
604836
127387
619716
636101
174094
465936
813505
794551
673940
567451
200854
794838
92877
114552
144222
510520
579267
648235
615656
869736
351425
714170
494147
855388
764009
280914
718014
768811
301584
363310
77699
459974
986255
30176
613726
978538
130038
353274
750880
991357
970152
671962
539780
534491
111581
888108
267816
488389
582480
731037
275902
606508
912285
437177
816827
961051
829796
467097
133766
225330
333018
118540
695532
206813
507397
767572
880254
752105
30576
200950
168851
483600
673565
284558
920796
690249
975603
361798
945198
180541
892856
711460
219167
761510
949805
347035
935012
738648
915283
606720
662582
485806
870482
346962
43035
135735
317519
684978
406332
318377
469076
868702
567192
21176
806457
728265
996094
758811
26520
635689
269476
454506
564449
201809
620203
72607
111788
757659
955250
655003
150741
873155
351904
331432
165777
360338
986987
67707
100821
446468
805360
371151
444695
334010
332098
649755
821361
265261
792314
192890
75157
588967
859272
994339
306735
602414
173463
585367
172652
676569
416534
931921
521480
405070
571125
192745
285268
482395
184760
996758
366731
28399
399298
402775
249110
518202
7401
845784
465860
805941
131492
756560
494759
260502
589093
196680
769795
695975
847800
875827
575361
206687
951142
985921
682320
528883
724660
934127
807333
927038
504246
146754
657959
517655
488748
890818
504054
186314
862933
811805
521491
144258
999621
849350
116181
632937
675147
936948
598319
37900
726769
564241
624791
71186
704188
166176
330796
679693
516650
221442
636558
569865
203406
409129
409910
30154
212458
992725
834080
577191
354504
623335
613551
697777
260713
248543
928304
796232
806435
62708
848271
659511
53588
953405
615987
360228
110878
868044
385609
963374
570480
574849
24939
468612
474961
696576
461216
791374
5669
657025
947219
878070
483943
978088
742363
754822
266846
916947
595513
174324
401723
926542
658011
920432
157304
954634
776059
957298
330349
148077
392043
824987
572818
109689
287348
333734
725121
475727
170717
311320
754729
442820
517480
158733
935701
83696
96501
495810
774094
759163
852432
8607
843142
670316
695932
186368
431062
143890
833614
829228
199528
140229
255218
370515
926802
529705
751734
945449
500008
762488
100071
991617
519481
669814
540671
564206
388027
820511
759460
243237
978828
238879
618020
945127
377958
102425
754523
226334
741834
80511
559830
629446
758370
362210
589216
739495
908050
334962
964493
913341
161186
941566
676020
150080
409089
244859
905787
873976
977195
766284
49455
278349
377536
813577
433974
35327
741305
251516
568339
778564
302086
32148
10398
230073
555656
269731
640485
958893
800421
467010
836678
147086
61774
546317
730005
856319
933034
226422
744882
759428
711247
456548
291039
945409
993751
414333
680282
956852
954746
249269
451894
439065
600217
406603
680652
446618
24443
450707
465081
262440
230973
992692
817232
326174
661681
770428
839856
997216
595427
570495
702703
971222
439752
931452
995556
490893
726550
853914
252595
576389
772821
935209
613768
583744
544794
160230
433631
898179
472780
206471
460338
231992
808586
559034
327354
826238
232673
550259
343103
519623
174382
418696
362530
74741
783056
35777
220573
641605
545233
420068
132269
725970
525602
944258
397536
119872
752667
874762
898129
44437
727621
357006
357282
565017
743496
153589
1337
113604
645394
418206
189228
525268
835595
189371
948374
478178
458118
385572
572083
679847
362933
998234
269175
780262
187756
409726
170032
979219
33690
806479
678864
1305
835167
846201
622833
935740
344236
730446
240902
740818
77288
576288
288887
356109
423196
680684
838762
962272
691423
247992
342044
281058
197684
309335
792369
626214
407386
438350
62960
658838
475473
311124
417837
861587
419465
446494
299009
901707
384168
373332
917054
441573
872714
306275
763115
231788
545801
40807
919202
125191
873409
220751
375861
697983
490544
254603
604272
543683
463053
764116
359709
868988
126645
364080
82887
94597
43662
167007
784120
688128
677763
103538
763728
498146
575155
548605
408731
826046
567188
767963
692449
717505
517728
195247
359515
482209
279453
609592
939135
674411
964640
695815
666315
164708
276417
889983
761880
830272
973447
867793
263897
320619
187237
624919
522755
2227
108166
721771
434192
933464
269355
99448
536079
216653
993808
719137
972921
784323
364118
583107
36539
612025
583370
561917
295415
620068
308969
539547
846554
91248
895008
578285
464702
423005
490564
778903
971182
225156
670921
43101
328674
948402
159970
830656
243043
977301
282809
613262
693651
469462
270690
53457
787545
973984
639353
478476
935887
252971
70058
83988
740507
959894
975685
535446
188967
199672
647378
198706
496342
766148
861063
552456
86579
830072
78560
569341
822408
548289
134483
338949
628095
450718
727521
156204
500005
627883
31193
636842
608962
872659
703912
908259
154302
868074
169108
63673
762081
36720
899382
877472
729794
486008
701834
715179
197821
507409
42967
881835
325461
188977
496283
369304
459434
565780
293453
279086
695698
798355
812600
274741
821437
309946
522566
354113
990860
545370
522333
292360
771059
602024
686373
559929
914376
246681
385585
575268
945109
912114
332408
353988
222604
995376
205018
570396
63751
240319
556726
890928
498995
914178
964748
524530
571401
285429
605906
891564
885274
112334
607858
361116
164329
547397
936731
535516
444375
749831
838571
835304
32201
949840
173549
943568
502023
531593
704249
738766
815827
43067
212554
820903
735276
793658
959123
506809
295231
112755
366694
136695
718287
314799
589169
533650
991139
639492
622277
716106
324777
423909
389888
535001
813024
865521
704186
773763
49972
312262
660204
718481
248305
303931
838641
71816
224292
928631
154234
178855
680010
65264
449155
101516
735017
668453
745440
421764
66395
407884
231813
912439
311333
362365
579527
927084
339415
139186
243269
303939
456028
479148
351119
788692
457365
858608
874273
552154
575642
577010
962811
971541
393021
451462
742622
654275
393989
472832
282719
493597
578052
290208
382760
893918
291419
992159
495082
327813
680419
811516
811699
514640
328000
373464
741530
296974
69767
124139
971744
165303
603144
883101
47760
83649
695601
45342
998187
772565
665982
307410
697644
806515
42322
938098
231288
500999
729479
353419
167296
226950
285737
406053
153172
90377
747574
156802
893097
140743
326075
550138
738433
817781
87222
961265
747953
584801
356879
480323
960663
389905
492932
744938
11137
742205
582008
350892
823082
759385
91478
144546
311120
763869
770210
93376
879434
285593
453673
171637
510212
522635
706113
118970
921885
462765
16750
264528
629153
734100
582777
115932
763375
543771
494095
519296
594013
10424
520647
233154
849163
601747
74348
128602
983
411120
337397
823398
171812
88936
612968
473109
926495
532244
710719
958749
544178
469511
320815
989075
965117
401979
992792
691146
794720
696730
137903
32530
487519
35480
321906
717990
644472
917860
779766
637984
251562
287853
589471
672182
976159
689468
394437
406870
477134
751501
462089
218708
879796
971124
149416
555784
834533
37159
455392
581418
373997
915007
171878
540929
938756
618762
273650
807753
165193
894745
775499
850921
331228
483546
500690
52646
165853
522945
171832
462307
14393
940480
318269
378493
768930
897647
353994
658869
953257
905965
903699
622631
936921
289669
780425
65439
4105
349603
756429
875438
32426
862663
685487
335370
61714
404061
763171
806517
41422
27235
231311
947124
547201
532792
946632
805295
332715
933055
436018
70403
180951
272877
560457
63640
651338
581286
229386
603272
159142
642503
850495
84868
682533
754364
730973
526005
524499
703136
36446
951329
327907
391711
728100
590048
263743
669186
295964
758992
44044
728885
453601
528740
124991
83731
447841
568890
328053
786850
391319
383019
335211
119524
682547
39401
379297
29472
725591
395728
810883
823932
720881
947503
105403
53986
123082
548678
283630
605769
532189
69219
350654
387949
797413
382248
958595
885074
675839
837977
836996
226203
632797
744865
868248
851988
835849
3602
867901
848294
836024
36146
313072
182436
196933
695480
446325
48887
985258
177735
371451
707534
202299
73928
364072
556071
115734
536755
745668
173769
518305
724335
57046
704149
166347
801730
513618
683899
93617
747270
784560
649089
132781
465090
523936
489745
118004
18360
648924
115395
504866
602244
363032
792147
750443
989252
835195
223094
23630
428465
827389
255930
868697
761002
790499
375752
651976
476184
129050
999068
308804
409344
916450
601957
189358
690867
915147
877909
464746
632925
626735
17199
518427
125291
674553
55132
497838
140512
384633
746066
489501
959719
251237
201268
555185
76426
615353
711817
644725
141836
469891
26473
712276
103952
534148
174652
726045
37854
621071
675759
22363
247027
399030
81904
263543
294086
788881
145624
354761
901624
505989
470264
612067
51973
93805
893623
478250
443015
720669
356872
585275
702239
361243
487949
258221
93262
499369
416187
419960
366246
959604
47211
599798
265173
517216
897358
219597
413217
823367
592557
783537
959126
690734
754440
320762
505953
405262
144169
592336
308977
550368
34676
452478
444256
727042
981927
598205
8014
83954
656059
74371
399352
363622
381597
272924
465300
330105
341812
76049
567114
188472
412069
998334
587392
250027
389169
84676
580356
369554
780130
107358
176363
723879
944758
248821
565015
233529
248722
43563
79844
411530
13807
451490
987043
551413
840306
980513
623342
419723
207601
785977
788844
916593
718812
860785
518073
893901
185302
457028
990986
134254
21676
400522
653251
897086
768679
937589
146432
618414
415950
348840
575685
682638
583560
161322
482523
459892
446975
277739
422893
688188
608999
702834
223210
927107
18200
824823
901686
339900
980727
362247
255508
176266
261697
189576
394637
140676
46154
89620
932811
344733
505826
338189
927743
96946
965360
487571
675231
590159
461661
512545
856775
785561
872000
49181
457740
742893
304579
862132
962225
53379
406783
556465
276569
520721
238825
558542
498028
331757
797287
60442
734546
762305
329925
404923
264921
750524
200584
441410
295563
859572
144763
371083
988074
929730
272723
916202
244102
277902
468304
898612
938923
992782
476154
680169
671196
596581
997721
614361
50171
683546
127025
152426
4420
363079
95971
554333
27653
296164
745103
5795
345248
74817
614157
256269
58533
998509
692893
922268
903525
711167
991621
862204
274610
698337
362166
109128
430046
839896
911919
356176
354436
401079
92220
575613
547164
914755
253780
331251
241796
807092
266887
82881
685108
400039
903411
180884
979046
399054
705446
573713
531319
632210
991227
930297
564855
626611
89347
219308
145356
128583
793613
664528
954238
315676
300294
632302
546651
562264
511785
484195
745454
335124
511554
434178
41650
430459
22253
370863
444376
34426
13487
678931
737950
331322
35522
941989
139360
421700
409539
577972
735602
374476
58810
385092
638113
984985
749794
13946
991152
58596
853262
799758
354677
275668
474760
121066
498504
234142
216935
234193
569059
69952
989532
619555
104171
141760
76246
606068
967767
677100
473844
777778
386042
955647
370525
957691
975416
212106
670317
674813
981175
771560
396969
273783
545449
315776
746904
874094
16709
564218
355858
26849
450315
848741
598597
249688
943100
34025
181663
537030
678795
766436
280529
704363
751856
306405
759634
417885
454735
14929
700086
182110
373281
998930
419258
79467
575971
366967
828712
158665
151838
700711
208464
983516
899700
402462
858916
890863
612076
512769
522799
698454
690559
330042
623963
931772
529394
237046
302058
423684
957729
861966
277934
588877
14097
253644
986789
493338
234918
208380
629036
209554
751881
797692
586280
937318
342863
195629
144114
113389
19883
477873
880076
385603
973752
494450
535743
662060
240546
754058
750454
144422
371854
843527
948361
213856
584219
681686
611401
663308
190108
225302
185746
214662
220985
851436
501997
9283
725713
783444
588685
669757
687291
718348
715050
220986
633296
744302
953858
799130
875904
796977
391052
867818
708702
49223
188900
58142
138116
381945
996055
73271
55256
763072
88511
547215
605656
857049
208947
822754
443589
985945
517356
259142
804727
620158
186395
277088
603095
194773
554143
875706
550768
527235
591710
49525
885653
779842
646379
382510
254493
17570
188695
282126
694963
253361
206092
24144
274443
920072
975462
75886
386862
479609
213086
781006
610653
199155
836380
200195
355013
911316
579619
567181
669598
652522
562193
687410
352825
196714
786522
386516
769026
48452
200707
165319
962521
290222
341376
328516
148340
9140
650
902193
471706
139091
829973
907483
486239
307440
565702
945470
127119
242007
731847
164965
209397
116830
761237
638187
631475
414507
771427
17929
535742
796807
869522
710021
525825
42483
21705
227254
582184
313027
133385
914217
741281
3798
527943
197706
162285
933605
258337
338107
258942
931495
783880
572675
967009
23023
894356
860992
789818
811124
852781
531816
511937
926243
888417
176575
585886
156622
64924
906995
316503
782727
315
904962
154398
398855
598579
227947
335447
555986
700132
455213
209226
712954
161106
856488
990890
248621
351340
774691
309311
849771
209865
175150
314844
213032
385095
493453
302652
885020
72166
75779
924304
666260
794306
984329
554432
82749
108572
635310
63329
560347
208321
812780
387715
841353
452919
202195
616068
187716
756517
886783
212852
356404
426260
933678
873144
292280
757602
681827
544807
250499
919517
549310
319885
147962
993302
336683
960439
170653
393241
126360
115912
312268
154195
510718
463393
947484
660382
638574
159964
137514
28824
770708
781587
442347
292867
857160
338771
488685
193707
698038
646526
158172
181609
153307
205114
19180
787029
639539
385402
835273
649841
899692
189059
61487
304760
664119
297922
448610
221236
419738
616138
372846
313419
276408
930069
864156
719070
349024
841647
437722
420801
250435
390889
489826
949426
780281
601869
349454
716273
811742
320743
435411
191434
842871
545553
611360
638444
734791
136341
184359
177329
26356
344420
323373
394736
286159
980785
900874
339543
943983
797559
628983
792634
784799
108682
931780
978565
360673
284736
600620
182289
767550
471200
438437
542358
965952
34216
44713
242219
466372
322822
240813
650092
111704
678225
773662
840008
57927
153183
723280
523863
174441
570851
893835
404653
3333
898076
7892
128856
294795
294683
522377
683601
948539
749088
173745
900066
326349
623111
898187
150708
437969
227124
648190
808611
271288
756238
449384
523902
517869
338986
738346
47641
301964
376646
946083
91672
453315
896450
404827
364456
736112
370702
162468
621915
256583
570987
961876
564570
702530
769061
269074
587775
826386
707727
844134
643569
13529
666207
49436
519008
37718
729839
915012
352331
139007
505012
768790
243957
990386
599490
902679
187397
895109
576066
495551
375319
994719
210852
360953
711765
466717
389613
863036
302940
152409
345626
554741
634165
898752
358857
998292
676091
950738
601799
534877
431069
177424
244958
42615
853536
558844
704711
355344
613922
898943
592215
293190
501724
591823
176361
95803
201940
725547
11546
345135
855199
538822
556411
40865
461865
993633
379277
692866
312650
645894
64139
639735
968596
641889
250759
389206
559817
843814
657065
876473
411815
996622
321932
475285
66360
710052
940854
652226
175266
447383
25543
911004
707876
751280
198155
897354
694184
738235
328902
405443
91663
927566
726696
485599
420674
807271
381942
875495
862160
579048
186971
684036
94773
961912
790699
728051
389796
597760
256658
723221
59582
505807
537597
19105
988628
280051
446786
607407
627298
45883
974935
430829
677268
576758
271706
37894
130890
117938
437891
144874
716622
222301
115851
288688
119264
850682
150093
382843
313966
784458
107565
387945
239466
527545
842968
632068
478094
8455
851373
20394
139436
983723
565382
711592
764282
315438
411471
497584
557258
98821
236914
482746
593468
995593
685202
290663
516361
986362
801843
359779
292580
962280
470948
248095
96502
559255
97290
998768
633922
646630
133518
901745
912410
683243
803672
595852
263028
602090
175129
490441
553450
183141
801884
512799
791148
922594
340879
551821
403600
31968
425109
440019
94208
860895
584331
342594
481256
820509
404001
683100
299270
171335
524278
829339
613513
493500
193572
747736
657120
375676
325546
644951
868509
899609
953464
303883
712214
69804
782860
159256
572337
194796
983410
594375
847597
196987
160960
88690
840151
290544
537958
593014
478683
50498
212998
102071
989199
365691
460119
397855
181242
923291
854540
360224
432671
117963
873421
406945
109497
740252
457132
826628
605183
346818
841897
382348
879360
715143
37681
383230
90417
179588
703571
743499
802358
273779
393146
18880
944028
352413
293571
222711
337792
210942
442251
257358
551504
376294
644433
576864
510896
520783
619637
880745
788178
470307
722083
742206
581220
450202
301645
841239
777432
67965
326864
856925
776956
667873
201418
988351
306799
215118
13950
811001
508452
814351
497380
186387
415894
529438
920408
981903
527594
73013
205034
510469
258891
652557
264219
858578
983668
445739
144515
365300
112321
245477
765393
16545
41998
811789
87561
573373
41356
919837
340576
940559
765705
387131
992507
99320
124425
520873
823588
305757
834424
8038
917932
432529
865066
999329
288001
124402
395219
432113
593621
143018
619505
313797
212624
507511
150252
172825
330113
885259
649794
404432
844694
45332
188025
33052
319958
633526
159125
9041
387110
5817
642394
959718
281929
428388
98173
616958
808953
175250
569329
251213
218709
802503
743095
846749
626843
494012
527770
17328
911950
136949
772287
444485
90427
126719
765830
166362
716026
676679
874317
225701
272343
263912
321115
299609
317197
848260
402744
209329
817055
501848
213298
282654
929213
629738
452945
238995
857679
523655
362037
82072
958552
277172
119101
519057
197220
482920
539064
101636
105609
622791
556114
195240
498655
964004
966596
920518
329656
874614
667022
263624
555120
966700
620393
57494
65369
460085
403755
407539
269148
296040
196541
53164
103171
141204
611339
515634
229901
933561
927134
96079
753165
168976
24918
180987
263462
688877
207998
453384
465507
297550
434158
443050
18212
398389
46027
996817
890551
493375
718879
855508
232670
463262
134500
860885
215796
952328
926623
510986
875951
371670
109520
952430
649301
977365
503490
695178
17167
861886
631060
42977
156687
54444
527616
171267
800116
104294
329287
548784
829354
316160
316412
437340
279182
966674
880215
561342
279379
198772
317333
246205
310109
521855
115865
355637
162776
142873
117650
624609
992301
45890
406970
235450
126508
761435
621785
731990
415862
674343
18184
564191
937150
831380
529858
683718
533985
481047
657683
425367
525341
596081
836347
776579
499813
8762
180155
825227
864712
743934
408854
429455
435167
61169
432804
51678
791198
532130
997162
426272
340494
732637
443856
540547
145562
961
960047
647986
988854
879792
239483
141537
177169
79322
386362
591411
861227
639795
548492
297632
328274
645557
818197
621059
365864
627428
601909
649528
106025
18458
377499
745616
599018
384703
773777
898125
913199
903276
38507
649985
433491
346345
836986
336218
837730
644262
370817
603622
299630
874590
861895
943646
664796
516810
276432
832562
650435
342184
416894
491222
583798
958472
771805
371329
748001
326945
952916
438576
81657
554634
961200
70260
737246
53635
837706
165084
297341
821938
377474
47040
556119
840184
565998
679131
816055
364844
974286
766279
165988
46525
915834
241407
807608
904286
472424
182905
121193
951051
530814
113456
658705
832705
115867
640911
237519
576155
741465
757460
738404
52719
321032
644721
397374
390677
480891
15334
885707
621582
166507
806442
276227
295326
398114
350492
11547
486945
816901
358
604589
124993
437220
305812
759487
763605
6932
541829
807134
775353
342650
176609
911169
759486
348029
562388
719649
652963
570667
444571
614424
349961
872129
937563
341071
682158
599279
157428
636126
664434
907097
575241
794143
821204
665062
826365
480009
340412
586988
895240
138630
231576
830306
734893
359611
235972
232640
726865
123528
135646
615751
4114
915410
833077
265545
993051
204711
300894
441075
650033
248497
26846
13533
600614
342421
459273
670282
300743
244806
308746
190027
970913
251880
400201
696913
474466
338988
728506
757219
276251
251706
269696
96707
711124
178366
646397
390945
259111
798473
69347
519531
944013
882551
930703
566454
550474
201159
99047
611879
513164
203552
509551
811289
361917
600013
269542
874615
922002
573220
526679
539020
208004
283397
409456
860917
552384
430040
361579
398318
300451
433195
675219
69366
741298
724603
382313
964755
895934
391313
436773
394352
287577
44078
873597
247724
762861
352993
694598
423733
297979
102721
594689
829422
290851
694470
47177
273911
617437
891667
988935
661816
690973
597487
456295
985889
815716
351676
273896
572977
529164
387931
523923
952335
287301
377249
687683
930465
551830
565102
368158
999380
363358
273310
567198
767778
585079
564334
348456
27885
299047
953366
738662
658575
888253
144947
517505
291748
256044
407392
288973
352818
662126
109062
698464
882545
375920
42296
243020
81022
633112
820193
431417
990761
707739
742916
760673
898873
84856
350243
517445
686261
496590
419530
609714
306757
766785
899627
317317
61352
241656
57068
639553
973990
594167
745959
438520
925493
852923
654335
565494
778809
319646
660975
46706
241527
689480
397152
501568
886566
386177
19463
265312
559988
910352
489686
918629
367143
91434
517135
799313
500686
742033
287415
643336
589692
755232
474125
541497
321413
328442
672742
762553
389751
19584
460697
993519
245080
806027
499379
995906
924824
363511
204838
304623
395364
230363
488747
276914
746502
460677
766749
693415
597661
500000
910327
105049
494140
131040
627714
272906
849365
48378
343729
226070
422749
630952
913154
984422
680130
286023
984694
176083
672997
260929
731840
271247
501538
529941
901895
630987
487506
706303
516669
254350
929853
471277
780044
382242
341920
212368
513865
766949
313435
212811
290864
422362
933123
748077
409700
344762
82584
466836
544330
691056
937710
653951
819319
308981
259668
628402
134097
843259
742550
582440
778354
511469
784798
27581
710345
178130
72662
183670
742960
967836
471364
136865
759039
992983
133881
161604
959304
738768
460485
721610
667463
283333
367659
907786
352822
257565
985690
383507
607625
898706
324164
753520
258766
172473
84637
718990
247855
669746
210932
376903
819002
459982
673325
611246
146012
243998
688312
412288
950313
750998
429482
532249
270679
627348
507731
544147
484052
15213
395964
939481
336993
851630
84153
11439
540774
478523
150397
714682
250012
700737
436481
530438
280549
857895
242102
317717
166233
740222
859645
432731
793841
84771
128949
336014
903397
886383
783000
444112
305878
340026
538708
126201
865796
220969
232975
18720
344801
984977
147242
723026
442570
317883
619785
482039
579787
843776
303363
737249
709297
958983
784520
338234
994936
402143
240774
462805
193398
620651
582664
459833
442239
438969
550355
821893
857915
654085
724021
213494
492148
143859
613266
616193
8137
635604
512537
66918
802454
56156
366090
43822
637196
31816
497778
16916
849497
202327
386406
103045
123734
959614
381964
999355
208071
77042
40036
962549
520049
33589
157235
950721
579142
998715
67067
946288
593820
382802
156138
16328
764132
966368
812215
977042
280548
921145
596591
17976
824434
946947
125011
193680
955286
161420
981217
530001
722461
429948
53545
138245
662745
57409
453684
489330
180182
611582
875614
664019
587812
949912
529202
391057
300387
609539
324904
359136
100768
428469
801401
698552
5969
344781
378311
100993
716960
798077
140176
557133
71460
942032
819765
97545
113752
151419
449273
794805
414066
297032
517822
22657
276647
470409
332220
547320
878620
392541
575391
442644
626528
789391
496355
134533
610727
99975
624964
532690
580121
244600
663804
511065
18375
68820
779574
531297
435950
879374
926851
939532
333771
608512
536131
342671
780819
299401
382753
37604
500487
788090
750159
783835
244838
26725
59077
859281
167643
865380
228935
436124
43249
712096
760711
782643
763213
802752
205288
966594
162918
131618
686828
510399
438234
613283
345814
715212
518314
267435
517827
613131
905025
841142
215290
727707
801503
879948
466714
763918
596164
672083
935096
768830
750492
870995
261712
230346
965519
373589
815682
195673
486031
987934
351615
1613
968832
264268
657824
406288
152400
794611
914694
524206
825851
475378
47479
103768
988375
222948
406881
573263
920909
59814
768663
714372
321108
218406
814878
899047
504693
942624
391595
685169
54772
186496
96487
158845
943532
298486
432154
964431
58028
850221
500321
127297
252772
192280
880947
538850
551335
653142
275570
731227
273751
335681
367444
16905
201425
400176
8279
526226
513497
795622
73487
928250
775559
674870
550220
625106
787010
838760
567690
151294
861882
201582
43587
333880
989234
265526
300762
376032
404532
25075
338492
635247
933892
541367
833735
127100
695831
453859
677243
912693
267377
267931
923967
374923
938113
563123
500605
523566
384236
136027
611301
346112
845246
978768
617503
245948
61078
499611
750764
162992
551471
177481
405277
789855
655559
314474
451399
101633
613600
323944
303658
568870
181604
889362
950127
828814
595372
945551
719463
254321
719740
30167
300900
978999
184050
16914
924890
103622
861632
907411
356252
437563
606761
742777
250258
408553
804248
279839
568572
261010
323549
65785
931439
116391
377546
396173
386212
415032
761066
880453
990000
318300
238763
619538
119607
950999
570946
827459
650513
831660
742400
130185
306159
634526
313967
540196
948532
868039
356243
328645
838217
266440
318280
602587
170839
65381
446898
815517
25585
159348
853226
528458
626765
224609
478728
384166
560159
335675
776526
942139
666455
222589
884213
933544
594537
989061
238963
478310
849466
181763
958074
171709
887114
686539
734851
63219
728021
646469
991481
729941
885080
711975
540777
349134
308283
781775
357646
989229
765387
659091
986774
147005
431250
320569
941311
223656
470276
916220
332023
324211
196079
317494
579047
711993
404403
984877
747668
99290
854699
392797
223002
35923
344549
276798
43455
136026
646926
395944
890807
220758
709444
63354
296857
895420
873071
765455
940651
782910
225448
406159
887254
456909
267663
798134
360936
957113
299492
342979
812678
376452
410291
968634
35828
493518
734655
329495
464297
776242
123742
327269
789098
443836
427541
765408
70180
681328
268046
151418
659143
411600
52139
262691
3909
413690
387705
286251
245386
970181
184618
350209
245375
66946
539757
122518
594823
102817
937460
520315
761491
916318
817983
502293
533742
20114
520748
760998
549628
496782
16052
340033
753752
332114
12149
94880
767661
34292
68306
233423
495138
374289
761483
110190
28934
691298
522084
569163
207736
277963
387542
845510
74607
961350
464126
353926
126580
912782
122931
990949
696917
917563
752688
355869
567082
513057
124900
462341
604690
304030
65206
843802
179212
394106
657012
165895
112720
896350
335863
44838
990749
40385
255573
959654
897771
159219
105363
747541
525229
286057
826217
662166
889279
131622
31172
659156
727178
508086
523330
94263
647111
336774
946271
132861
366849
792647
433630
250807
455102
908936
577484
563051
266130
955190
362593
935174
454130
402810
460888
246555
954992
418739
138560
613215
870626
636643
568916
650048
448664
741422
210424
895531
992819
735328
684786
332064
730748
557614
817292
23507
473792
850071
80728
600937
548612
202379
253676
679519
18213
687512
733209
857391
645402
999967
129104
43138
387000
218287
548604
453149
941012
570622
615110
121197
755029
562027
187283
795970
545964
780905
542036
530676
9167
147478
14198
9870
957333
600635
544956
342876
984638
306514
930545
63795
256705
350715
658235
157956
683407
62463
649973
796257
902373
472986
723627
738694
85170
404256
831566
876070
555382
7858
20242
337753
382082
385821
53398
536175
734705
476259
919793
419004
457904
579391
246424
78103
773381
584359
695356
96234
452877
439554
94699
664140
426551
374144
531203
875395
303419
369368
789908
197704
643081
506818
302747
583032
384360
839197
436073
835328
888223
276157
379017
177952
93379
596527
297741
250752
445929
871846
560948
500046
629365
344035
24754
466050
146806
550850
768999
114481
681065
195519
538110
663196
359889
251671
964567
309178
80175
219207
554392
283890
841172
965660
378693
665355
858760
947209
72675
58904
711609
151774
129087
979349
108779
420757
597836
360749
666632
88586
734535
195853
967110
245253
229785
588970
432159
712379
476151
817146
877476
944445
442707
743670
11142
598507
270192
851087
188157
416754
566164
857148
690613
346226
472633
744803
297155
925208
57606
903815
93967
231410
446307
228992
713962
953445
81868
689138
509879
127984
894363
268752
428821
721933
869365
750644
850014
579520
337631
439008
412197
428908
843167
884363
498439
894176
399305
635428
757961
436805
558377
203318
836416
679743
737285
321529
241207
544185
718120
893777
665269
95341
698064
335981
852742
649983
989040
896866
456537
442363
719689
430895
960361
332637
47514
921938
543
909829
533539
131540
130867
287171
321536
212790
165725
436307
124867
601590
845018
527456
306173
141231
486536
695197
239069
219140
514521
946827
293697
644783
812206
655241
57623
125963
464336
717117
847886
366395
315989
220147
924079
518240
671675
446651
565739
461223
160054
312402
449486
606919
147649
480487
722451
149962
735843
930856
804481
317114
243778
629470
466015
451548
964252
29417
695273
511793
892353
753439
972556
246828
852618
405697
911281
604460
552404
390524
422716
724020
427472
833510
196940
924005
87537
568154
368994
988044
577306
56013
877963
336589
443439
596827
223305
170781
198494
869503
364073
527338
64118
430707
337241
593256
631566
981147
954393
788096
929505
587249
315193
174405
34561
191122
373564
32164
551021
497828
89222
713983
259099
591563
410488
377940
57267
3371
662761
393166
38070
2966
497493
93289
2817
500243
483274
293962
580363
455000
304643
179872
540082
263981
853932
207482
139907
466992
306237
202733
328569
238559
204275
951395
976018
649344
171147
920433
462985
958140
962313
310493
677674
943106
522884
337916
826640
320880
142766
53947
507471
537027
768689
922059
576021
340270
50056
211724
640365
594426
137488
935951
401651
750098
833089
463694
822744
175645
23395
163069
492370
571158
226451
425092
248883
431607
946730
596871
643453
131972
40644
292625
713192
647409
767232
408366
533472
779355
855250
383325
503252
890441
731146
291385
249858
226900
790062
207820
25813
433853
132482
109841
931527
228959
504633
973486
110069
939009
718822
394615
801020
552651
25272
411963
34477
111405
689501
58234
936065
635523
96815
245241
534513
623910
481701
963353
72785
104091
802807
906287
888923
61559
987989
831270
705976
538570
5472
494667
900331
965574
983265
646841
169501
800427
640548
966027
687681
901397
538754
314940
46398
299674
730278
16548
715729
418896
183172
616648
531532
436693
856666
282454
385274
966127
569285
625701
761654
841022
231087
189501
549432
9099
919986
258864
563000
757337
609132
81058
553406
710495
379481
343623
118708
234967
652268
824647
458590
779188
805328
81372
712724
630545
240185
236849
612537
252703
302622
421980
81338
571367
383772
656710
862333
450537
37512
292274
253729
192164
270170
678059
916994
980972
348631
983816
79230
953208
843661
859910
112624
789365
415426
739753
322723
881579
389312
32413
513035
26126
713439
803502
112629
361974
484562
302210
263401
714684
887361
279186
430563
389844
984658
910484
221747
11610
44659
536830
688098
501800
834712
769559
38970
1241
951134
586175
919980
866553
723489
626027
795750
256665
981260
22051
416888
867797
486745
712408
319973
533330
876688
132447
335453
404480
872269
385034
563781
330024
453830
589495
910098
3507
741637
982187
572029
600823
953754
741302
962012
898360
58914
175375
551742
557606
828848
459722
386762
208234
745041
887462
649625
786541
68254
853203
189910
948138
73900
47496
868207
375448
311934
253581
534997
703860
892580
289174
350054
833069
33678
150041
215594
142925
53920
489843
629102
813694
174127
493656
844333
615432
158476
837988
979152
294119
654987
278397
63472
976659
968965
963465
110287
816905
543469
115184
322066
285733
385443
14036
788847
7547
715852
586005
253108
326227
954335
895039
402337
439662
626722
873874
101253
793390
823210
335840
103633
308529
726480
383256
83406
912560
655898
721445
891078
597327
949749
229462
572011
939678
815638
275915
110564
367789
638882
306164
155452
417463
802522
370209
319567
131017
333391
34394
37135
250371
6179
988558
60930
765397
117210
926888
893245
19524
223454
235824
239849
842121
93532
52105
237271
534314
327979
153443
400626
922832
952383
356558
283095
293088
919387
909916
479695
236310
942773
432607
676316
118095
144785
727544
546415
444194
149158
410384
399695
219333
713578
391498
47632
469308
200152
351249
916223
219153
235472
271871
942090
16287
233956
281978
900671
875169
518200
101486
502570
491010
378652
368643
191981
997969
680260
642768
862452
977863
307767
812431
28966
186005
989862
620754
332296
315320
41774
188482
276971
986308
302579
304596
88923
992967
920248
994956
641573
256357
611043
112500
745361
375834
871574
958687
109492
639689
769760
920307
841034
495720
726640
471636
614677
94308
176588
793987
464055
560918
353824
535716
924031
739479
66858
270628
137362
378745
874706
799734
701684
222636
838612
458187
382128
215994
427291
303976
302276
498977
649028
827971
268487
510494
756094
283275
960585
23187
642023
606437
909530
324936
594867
862496
446025
769864
750866
296110
314428
981277
959816
208097
696269
972150
50782
91240
645102
374310
277366
318701
698416
631731
684234
465420
671851
579691
428940
845277
10534
313067
571646
175432
123291
922016
834354
150453
290229
16604
743327
585953
422790
87399
542711
942275
328529
496979
90002
571954
544924
542399
288839
997537
593616
945421
958799
446004
700138
661709
96244
993495
870113
520865
943109
636988
81495
459989
235985
805063
440901
132489
942995
704327
314496
676413
500980
671554
834958
655547
867803
730309
416410
906526
866416
258594
451347
96698
959983
781883
740220
479245
289048
580628
791336
167254
597071
771942
138535
551785
719281
488986
718384
351128
791312
869755
216996
984748
550799
547052
22456
589166
357486
791573
950238
881056
946085
866491
79107
793975
129803
207670
53993
722145
464417
632586
78458
900714
327358
591179
630066
304961
94907
14973
345079
576595
146564
295288
825369
813282
313023
211029
101424
771158
126950
754490
797830
113170
558209
181860
80031
269898
145348
217477
302334
316626
176205
319558
163014
986821
479177
986693
844869
279368
205970
183049
524636
10999
224479
314969
929734
338294
911285
413539
811899
54335
826903
534675
530847
29059
857722
46123
253722
836770
181587
710762
29082
255789
831102
107314
938191
312077
851445
997703
880138
433950
115876
254037
141086
655106
498022
378021
379702
781655
363165
317044
561533
447802
862785
422295
217454
485551
569283
880658
530238
302145
549578
864688
185312
241202
363487
75607
627571
885361
679139
311443
444655
485488
204320
959979
47160
127813
651967
688389
401970
505998
631193
622610
644153
173181
653082
179149
748489
673685
615447
876417
399120
660380
554904
349615
982933
210867
120730
79526
964066
363131
522997
99227
645605
590412
655122
303734
738736
960266
969842
339106
381525
789529
109852
126393
292503
403022
166575
578831
560582
520899
993724
170747
665112
156020
513508
932286
195283
193603
929726
685582
242591
229440
864670
989250
642419
544676
135036
57481
499070
45218
335826
463564
846585
4437
438550
456055
593039
10178
179639
242256
871586
142311
2427
609584
794696
31607
484550
423364
625626
115493
279716
785932
939157
543083
226345
886936
735945
186344
555625
256343
743745
57413
124633
213839
72951
415148
772877
576818
594825
584920
208231
235582
999024
574904
838602
635308
48030
694167
12043
945259
884043
158462
368204
137087
878340
468201
230767
937293
508264
75124
74597
491698
777474
510513
593261
577743
298118
110569
854604
609228
35568
418441
351433
101240
220454
689612
380811
269210
406032
420822
335771
301222
242789
457722
196032
82629
836034
234493
113763
257275
61170
474580
953656
561274
14697
209136
628258
215747
491572
134283
185583
849967
834941
982961
337161
31343
596542
393085
806635
90938
898680
775839
459361
639576
556229
661883
282963
573436
562559
525704
586596
353463
19287
510930
784594
134118
667134
823604
428329
92284
29302
162893
194123
845423
879630
139132
260016
784841
883899
162926
626728
135868
202895
19703
249382
941028
445911
866341
382632
217928
791154
349753
88234
278185
196009
649219
903557
625388
803830
879680
203074
670285
862837
573810
972532
564848
395954
38853
359830
352450
17580
792928
901758
46266
683394
416734
443249
629240
23927
794128
976196
586993
742409
938522
147868
676514
473004
961315
554928
26820
168608
412759
419266
268265
723829
545903
101627
668419
646961
243038
250848
96998
908391
983912
302757
530811
410788
611459
975145
836266
944289
28283
497604
915484
745921
616655
37708
782599
377706
123036
340909
154840
774689
489456
561506
295729
260128
956665
64587
648640
437212
546642
652469
960958
583789
593927
525144
155048
700496
960296
723924
125668
467225
283995
420055
566985
803597
697247
670014
534931
939001
863179
729989
878123
116204
396630
230114
546866
301957
995619
984551
325748
448938
227376
429771
119949
893626
424414
789627
873981
97691
836881
445550
62656
946735
982274
853961
698132
519441
860112
562257
328368
904393
329591
253415
743113
287265
77290
19834
415106
841667
447004
525265
558456
339071
90785
981288
664628
693551
576105
417943
657294
122335
206765
269116
704202
286896
697382
684779
105810
387854
856510
367772
324111
321601
813736
61560
802950
385012
352838
734373
355685
637601
583062
716775
533370
267957
398140
754234
387118
169354
789744
906977
388257
343714
578763
94540
164314
322428
633451
626460
94222
909138
445718
216829
398743
872867
262545
995617
758434
739395
558660
523407
957358
822636
11633
471871
778453
662777
244792
964656
805170
457561
144543
408270
156296
905733
986406
938619
977473
974987
121778
913376
161475
378143
365354
987662
718539
857513
178201
952034
855114
727021
95721
172088
951501
767128
410240
774773
701361
837323
404832
676556
222054
24659
849467
272112
551127
84098
507516
138258
238162
635399
964468
240086
367481
33506
753156
225427
454280
324075
166302
808845
185106
500575
428244
996024
737754
426104
900035
918964
742492
437556
534237
996595
861125
418394
730252
445396
536360
109645
280570
22593
518002
854104
692265
231552
695463
65865
491731
656223
143162
195180
339000
227625
588880
905967
551488
165269
568247
981564
69050
566085
636809
778607
317198
527251
812096
349128
32194
312082
166085
357459
656720
283713
184198
329928
979183
322440
287274
790423
267166
715163
904893
265090
506550
900373
662383
734156
101390
750392
709278
938235
816369
305057
686540
27719
939790
274275
994375
979722
714184
415527
976949
611390
958096
325046
113153
36649
505216
373471
912290
22254
119645
377224
84641
507650
181501
647606
624437
314621
965448
319993
815332
750022
512174
934110
853384
901878
293075
987924
674516
317092
478711
368074
568086
132709
973263
685517
742894
888915
265285
467337
349243
92972
185272
27721
971081
591504
224794
138735
325309
743331
874884
522184
890738
516367
714409
218984
574243
742041
800446
316041
232449
13415
951534
339505
400066
994939
82348
569355
535694
591423
727840
760516
122476
34379
525535
942068
859197
828043
639907
634370
882749
464338
98435
905532
35190
32126
928020
61889
521413
940070
914695
532163
553335
702531
977739
146083
102971
803939
151041
448336
18892
95391
979368
632956
91124
426598
359762
486266
399174
906512
64040
985343
199294
55431
108714
171903
837253
99575
610575
565682
982897
606472
324440
926445
836665
840105
919761
921843
459286
972655
26512
687879
398694
348983
70522
634642
442074
544611
359394
398511
661751
611541
653709
126726
354293
325253
162400
953624
95085
747719
577965
727122
645996
813160
868926
496012
915994
592955
820900
469837
152563
462570
421997
38230
8032
91022
704323
61895
106724
437458
347245
369466
801689
462496
372250
678815
729058
69328
115548
869593
592750
376488
900190
982001
362386
904499
610645
85958
897502
296630
285816
757574
542668
463068
175573
214488
802620
33180
73434
795156
799363
139776
666536
589509
453158
913630
490368
629750
372414
109410
425755
265660
626013
905630
620452
414138
42467
334937
650965
267462
388696
893479
873364
892380
654612
514876
750210
541867
501794
636928
84077
677266
323091
885993
131989
450390
277702
831876
88519
780884
869659
440720
690847
510910
73344
5090
943368
663747
517461
835112
59805
374880
342348
848301
395734
922659
352404
359347
689296
805348
869822
647575
796982
843119
973815
920532
816988
179088
34244
806934
987684
542325
138788
468054
776275
676473
352168
44104
481994
584982
486191
186993
279395
166049
983908
677520
709375
830583
810156
615537
369045
855683
790388
518007
763189
433015
877650
204860
223778
954132
482081
833223
930796
396961
847939
760223
698209
508457
255346
318152
918454
205801
612145
27372
524785
736669
775467
403874
8944
808135
971023
557594
606932
15628
949936
88980
42936
970379
602283
323813
648029
228325
903057
479553
77561
901557
263659
681376
573656
155183
324466
861339
987887
199520
573857
122823
905675
62832
862567
307423
748035
707924
415767
897972
705462
325365
97572
780359
386422
844998
342827
255320
584371
595600
512262
91344
818165
539755
110689
379527
975225
269552
259474
307597
449716
731529
717344
645890
841596
875393
988202
685596
408668
377013
13302
630862
574332
268413
143059
171420
276205
317893
172505
579551
250496
585948
290390
519768
883698
32486
634030
730645
628788
749085
683986
786325
257356
532347
313544
171603
468000
93731
373284
876834
303752
94559
550202
884421
576176
796916
206183
880313
140673
163330
170434
647625
787450
311603
489006
787258
817122
748358
471800
619462
680509
665023
220578
830248
524331
957607
617363
793901
499429
285226
367834
557875
877295
2431
674524
872780
431110
833167
68033
31173
363469
592114
528259
477254
26760
777044
722550
945564
127976
513050
885934
998927
566447
384059
492278
563871
268949
759380
735125
958559
27834
853415
32184
506748
964068
656408
407616
608706
542247
398442
520482
233719
371930
360894
179808
470580
385215
905184
557427
740513
653736
384114
10458
704958
200740
549869
164119
94754
429282
448600
509383
656650
948622
904157
589715
425590
824179
608671
423714
