903
4
7
9
20943972000
82996271628
29406496691
25488004698
151533878440
22856878590
113451647100
81487628640
62618752280
258385313088
450567477360
41275396396
284737582680
74663278888
75453270516
985486913829
676444025400
1324659294504
85498702008
46804869000
128037126900
395017961356
190804691660
574887252684
245626541072
126101343402
963789869700
857849188320
48900550150
919276068480
1061745861159
393436915456
379142349264
477537366875
1480107850040
33291628020
3549226628808
1221161535400
1526569089760
1155612371292
3048564972792
693235717980
6500331399294
663587130360
3188247624940
426530519928
5904875168808
4017234109304
1579840036320
168447718400
156405931344
15358289400
1229312748960
2738709060050
1665957907500
1691936639488
5471274463872
1072533863484
429962231370
6483506654076
1846926083880
4908719988108
4923658856448
503406029280
522727999875
1659754626400
12072834547200
228500426000
16485375288132
5748989799600
5410107674400
2924231377144
223318081239
1272653738928
399222707184
7594712010060
14750836897312
3956294661732
19109569709502
188178796300
2540104674987
4655721607362
5534759627616
65696742828
8181846713872
10907849053245
382845246625
5989670912568
12379725115956
1565867895228
13814149183464
8519417467920
1088586848448
2357705271185
1420896495960
31360793400
51964115400
94315757620
1298435261760
552355896316
2080685995344
397111187200
2618780730755
1589294617320
3223269337356
193634979377
3625770203608
1964455266312
3937661685360
348061300720
4201184885836
9947400026544
4191312338004
3022936946001
667943839200
9822597553530
1842421971968
2470659440400
14066016636672
343536984024
1707002485776
14042673357440
1022043477590
3176706306282
8491774095600
415566460181
19249706944
15667037005836
23141933912209
1623123789504
2742898179420
9533530424016
12914790842268
12542726186784
5242694136232
205654014720
6146788015596
94108718745
79978883490
270860361310
55504565784
1622018215440
1143980715504
110482519968
521761997900
261644860125
4181092042512
1489470978578
2096422466528
1548700963488
952508638620
2971923002100
5412651632640
4934776454640
1075306590810
7088127058348
488578163520
8923737589052
5103370581600
522208204512
1392660356360
996472931472
5495194521180
12451564923126
18316536130200
664392503840
9442326154246
573502216500
21327867650000
25376010600
417168038040
117689719356
195029953524
223756878180
1629525586640
3810009348354
4453670039292
3874967821680
10707633997920
4812575046656
4022877490000
19523080160
11871176552928
507419655680
9060957024
2733787539120
9899302194600
17800873935500
3140926909296
16477108335348
7728035893520
729976133376
15108794070900
11124321809328
25123408501492
33634055360
102877465743
385052897820
1881485413248
3417783541440
277662861000
224153140790
129183339252
3345901190625
3747941427600
2348091779200
6507483908250
10108114754100
10231037870634
5094084193080
289306240242
3273501605616
1612496117110
1246964785374
5961273895200
417659810856
276779423250
4062801676560
100644297600
419190401742
1183543382242
985488242816
3353789722206
939900648672
461077723296
3999287932640
8764784060320
1759007927040
449848478976
8290297900800
1632743331800
4842587361796
375534961656
1302243043332
22611769065990
6676315091446
5725474374906
2066571687180
4707183353616
6577811623740
38933836332
1026282643246
3066972021000
1085409615024
5627186500680
3560735704474
635284250432
10013406622660
9295566808536
5763098123874
10370939215560
12573456023128
398772470520
5218312240520
10217713856742
711695937400
7848024343200
3198744827496
6178063568040
3403588188702
31646861190
61944141150
414373730304
715065466752
4418556133152
941533762560
4674470935248
213140836965
2507134034454
9768177499326
2944773027455
3234201741600
1232966980575
6544693067850
10585157318520
6904129715460
7030891222410
16729824900489
32874973992
109527024100
1860310471917
602077607026
2113494860896
2302429197414
8579004651400
2688091350016
378268139700
7364438478672
1218439414920
10749558269340
1968839218080
254364086575
7673350012200
19379655422904
25002424157508
24110052513624
40196396636
547671470346
632082905314
976881642282
5276948596700
2068323226975
1651855090320
14155641550820
9724247304576
17894379857760
22461636861460
2836257456612
12339207590850
24124501997728
5562739800600
26608544901351
663112926784
372371160537
30840188400
5502205645440
2982048233388
43912014696
1262826317610
13828048494
3406396840476
461369008334
11807637050712
9182680288782
2960345407500
3115481579400
7342558542198
26896655961
1440324911136
448962815824
1203763164240
6190951641732
2246022355374
6949564370964
214187546310
132187134411
15351199952400
2926918764000
3546648608300
20922781198928
96770031750
1535705848320
599484632096
24423248556
216683291220
1220356588662
9518972837220
8386050477816
4304238567944
7401860044475
7888159316128
2172060098645
668299050750
2096739929232
18273044111590
10956605812250
553018048752
397594587380
897742213907
332470874352
2154912919398
3757895622350
3944448391968
12972183925958
3059296865235
9081429552816
103816494639
1702391651919
10049577322532
912102183916
19207131215
145648594784
98626159578
290003679108
4573968787024
579779478752
4218734799930
9160532910144
6961271464801
852733191800
8122416271200
12468648932604
10227465641000
1026606553588
690155072256
27842452996
2204829166848
7356911128264
2702034986370
222476939776
1842449320320
8493242009028
2515356230460
2914701982720
1913961995568
8816221854450
1008459744596
2098334503430
2248936252671
7775256524880
3232154437947
1662663950640
15338626543152
9232666848664
15207893869840
17385030264000
12738314227275
2169207891864
384818980840
1029766939828
1154674662372
4081975837016
196850876960
1222759624160
383222922411
1517448421500
2935542882720
5076752888610
2842556484114
9254201836464
43947284850
1887749850435
1370907643644
5127188854988
8758525390589
581716570176
7195000536360
2408656778112
4344660801176
40823166020
1240281582176
6937662944736
229731525180
1335211051216
766494588750
931424535088
4660287139690
4689375334980
15506280750234
5359798838849
328328838040
8468679320940
635999556976
317938684608
1793145404820
2381079947750
1100907423540
12792371397
4503290836383
2240102383704
810438936608
5162952177504
9182022876252
806682240000
80256458672
4040727060516
1622395541708
1582749852040
395141212422
750557428558
1094824350900
1501802837800
7225995240990
14621922001908
327444813675
768010490280
142995447243
2242568498850
3364455396795
2282091862000
687266503931
1708116200832
2761936112804
411533436576
6112955410800
3161976750
1365236168040
410929350160
5741698474134
1797323153600
1992972177000
945381352650
2759420430144
5972282094240
9348049288875
4549703493148
27334227200
216583038720
101915321880
4867106867308
1897500144243
2522668442472
1410906488832
864926847204
3750860534600
9070528167063
653804299680
4459403282112
2850331357575
5253510297240
6515356258691
3436352590464
366713262480
14505699060567
13862414798190
9446041152
128480648296
477379469754
5460892773960
2555492688305
9725781854880
2112741592803
633525678720
6783883946612
17875011142560
22795965035064
1972767782130
971007907506
526150335312
39668742282
7440444432000
5267856894300
547350685808
14184143002575
12572648790160
261266044360
1640552114016
3214626702560
3088226213934
10238601347500
3135828790560
4679547240000
2767954075040
12954076035784
12609072140
391706930640
300665300832
952959969766
213935592000
5552205987636
6264280745516
16238725094970
4704491685136
1516641395960
266834901888
17117870000
4709662601616
6770538300424
5333707328530
14169731458176
22036654028712
2150982430080
1735220715900
461337118848
2085956215200
2844929814552
2842476920056
45060087696
1929720045568
1835049228936
74667975465
4166354080386
583795584000
6129036518862
715079643880
1705854310006
5605384572788
1669906357236
20330824622900
9768908314620
92740410688
1559691137440
459423184780
80622311097
526397579136
8910946804323
4068687181394
12786808476992
359104509120
54887964572
429275874500
76328799228
329535670464
608436440352
5103564480320
11847360754656
900602799880
14393565172700
377615384640
2780076460920
5194406381580
4997793282640
2894991602560
6434799225738
9458260434760
7049644442848
1129684667280
1158677348598
934442383536
2065267365894
282255844806
15009757989930
239695373580
15992902555740
179380468400
2051352727228
3492057523788
2347281902592
549866379125
769386849000
5030726321280
3346267026375
7034840416990
2239296803145
4602108987112
4448486302960
12654220652879
1073349400452
5330774736384
20978563860464
6056643363840
1960328336400
3149899420500
1391962340832
10067488132920
17034626548800
19656671850717
14249115601280
3732791990229
1207127255040
1771599664296
1585416229740
5389843353305
8878412510856
580891142741
30303910495768
173972720096
2967173100288
4703371035480
2195024080860
1072995558794
16909616185272
2552939259192
12340494955008
149823180090
560448945200
7531406534256
6239690970660
14556144398900
20720865608478
1905486867284
12090384490240
2065636572480
842797939767
8377408415109
5351623820550
640121971104
19737849228328
19274785746034
49790233350
2753515224708
5753218536692
649796589464
4652545965540
239641772832
13365742476800
220585671306
1965278674944
1985602792635
3920380981660
3611426415300
11728204285250
20743089946348
1245170104360
42226548210
1418014979600
294710964480
7088431483392
7402254885690
3276638890720
6798050308836
7752078179964
565190945100
3447053060958
7924888811754
944552539590
9307207660608
1349331252900
7444319921988
551326083541
659802367560
77999978080
61301677140
480442254600
5176719073680
1602463131352
1128836278752
689686607799
5773689979456
2887474018752
13317162216
4474785381072
613122959736
274108372980
2485910873376
3626428337025
757781628747
7431721537518
14118774850764
869519128697
89680646328
2868880637700
941906537234
966593612200
3548290945510
1769567441460
3389886120720
424842405624
1417275904320
802966064544
11124379751245
1143194176998
145086565437
17525760481188
775804837500
3370313251333
2939377442008
8004069861008
498203263980
9523413259524
3942285072000
513430350972
2973141112734
4070965936968
2171104329870
2651990033514
65798676621
2824946050160
172744667456
1210846507878
694932812826
1279433734305
7929399211648
1416857797152
18120663329890
1820917745400
1429223704740
4018282365792
5699216313000
3980187549896
13829037938250
43055859150
452689712280
4685116925608
3052742201322
3532503303340
4437264205980
1742861632077
1406348616792
5099169323104
7988691504339
112392891588
3063044080180
4621860924408
42961331604
3611953739000
2854104082632
240513618044
4629408069624
24242354884176
12244297147698
30090171111
412829729280
4331148917760
11354905175110
3171724434268
19990600731576
295781696448
747362587972
1030292437440
466806759276
387861362176
2736001828560
6982571755899
567995982600
4651426155992
2778757258000
20416289345544
3654616325076
1248350137776
288680058040
717472396250
1048374762750
848746054080
3697680218400
4239762390630
12335374008
2516306390352
188183691370
816767973154
1570750501320
5472231629760
1325302270584
225807115120
317502751866
3266956172496
8160665529384
7648890523120
9362097300312
2504747778984
1803518768040
3196952874496
1802588755968
263616468984
551912208816
169905878065
178514838040
2630622058232
4425505511553
7233625152900
980899770681
1211902093996
801787317111
113055441770
9039273443466
46468299240
5008020856938
304493437638
1441324565280
6010937656752
1230443547060
14509940541096
8921522123052
26514714816
486176267350
1371224886094
11714024040480
4616392792050
7848389849468
387739842608
1296261610150
4134111191152
8782241550940
414134518720
6140704756230
1469465108241
618241062915
587686208967
6723868952200
15643308746624
24007635677970
297907031325
3789253659768
1027109563410
535098117600
2620714267626
448661363136
235052425734
414274713840
971193288312
5820913949140
1637909455663
25684255087650
465200605296
3766346200248
1028432498736
420737729112
15422102059536
313481465154
3397781553210
6916533043392
6896973809664
1135241008059
9168345436464
979153846125
1913311030260
9195755385222
3603392389500
5342634267620
3406023092010
68015382715
731182306610
1331505310090
10315546693920
25913881282388
225158648400
2149998278850
2706338227419
238990864215
18511794689960
886332084883
1704649624050
1875462514800
5128526830500
4201169112180
5144489332704
16910296557176
475536911148
7849979238846
7109414842464
