10000
99718
78331
17760
89162
30334
31248
67430
65115
72088
53038
30987
73058
24968
78195
91479
70656
73891
86956
82204
97732
99025
74704
23415
13216
97412
9668
4901
99150
55625
92329
69787
81749
88291
94975
82941
91042
91375
28704
30525
70341
36772
84455
63228
93277
12578
84801
92727
19936
99448
99642
87539
80345
87730
98942
93304
33578
68502
81395
65793
96560
36538
75690
97599
83304
44177
30380
76392
87448
75902
69230
90094
76649
94548
71629
35725
65305
95416
60419
51340
39877
62338
99072
60476
86786
80874
97225
89965
84036
95886
86172
50897
91945
49917
91752
78411
90398
76117
99389
87823
83530
80435
29410
99835
91821
82731
93473
72935
34124
93427
4825
76505
95745
84094
94563
36366
88895
84796
92269
49755
57236
76703
80052
89257
42058
75222
60284
96233
68947
87295
84375
93128
4032
93776
56886
63494
50455
98014
60451
92774
64553
49038
4905
63544
25522
83558
39446
57694
62625
68714
74410
98406
77904
93279
39693
98210
85514
74057
92407
52102
61639
13749
72525
45028
63937
17439
48278
78286
59557
91097
78911
88412
97822
57115
76105
4065
92099
94016
21629
96450
35204
80743
38887
82646
68431
79817
62395
73771
31275
86482
73746
93432
53405
96513
27584
70479
85480
13213
78726
45933
53161
80980
48501
98302
17218
79382
79498
75274
37252
83878
97043
79860
87994
95013
52691
76491
72313
43875
88053
48184
62352
83515
92956
92271
80729
83047
30934
65023
72881
93247
8140
41317
6890
64867
93692
80889
78628
47963
84029
56605
94074
89055
92892
35869
93767
35120
79028
83995
94723
92931
98641
62675
94249
87603
41897
94596
85545
82502
40592
91411
55019
95075
78984
95252
56049
72076
93906
97226
86758
64196
93414
112
48170
95621
91909
18882
79360
85287
97624
85413
76562
74853
95763
92934
97080
96813
82076
97751
4141
42306
97672
18816
72775
77222
95706
80533
55547
28517
60576
97464
41771
48538
91001
87426
84192
94811
71880
95971
75262
88763
65845
47147
78813
57985
49381
73372
13907
74603
84872
26941
63489
64841
71920
72131
15210
85445
85874
13211
42472
95847
97627
79340
94718
93244
78301
42476
86233
92674
82593
97168
70500
91831
50836
98618
45072
86853
34544
96046
38916
69856
69862
83107
19740
28602
88019
91984
61843
95759
68665
29877
97569
68646
80525
46686
5721
80175
35921
67947
62157
69454
80796
18379
81542
77343
71407
85058
52829
74092
79798
11315
88529
94533
99202
98420
42580
77801
41218
71229
95155
76148
73950
62974
62426
93462
91104
3021
54596
80503
86352
86248
39407
92526
85139
68425
8004
98530
49199
71403
94693
96850
12469
3337
60651
82022
2162
77335
96147
76605
90319
83412
92906
40989
87640
45935
52991
94490
53356
72612
94296
78007
76410
64237
62653
98157
78392
81260
67143
79400
87251
40958
84289
48180
60186
80118
92444
82962
26561
92152
90763
86179
4042
77802
96267
2756
62397
80266
73122
48757
97404
81955
68216
63242
66425
79446
77512
79835
98565
82750
80426
91129
88509
62677
84178
77725
90142
69785
61635
86828
17977
9466
88884
91871
67380
92520
93704
95752
93271
98550
95718
25622
41850
79772
32916
78047
85603
49012
74056
86607
87453
72672
42256
13196
97941
41054
50502
96066
70222
39629
81340
98668
95443
34150
89204
69605
97658
99217
81137
86098
19570
95841
66528
70993
97563
81842
94410
97726
51621
48799
87978
53734
27057
84929
94624
97516
43708
97171
98921
74975
77901
79162
79908
16601
45563
8843
81312
71686
91682
44553
97224
73398
74221
84537
48740
68853
63024
4419
44543
95035
97537
67903
91976
95555
34261
97612
91310
78560
89080
55854
92733
92826
27954
93090
95472
82462
66300
99145
87240
45180
79966
38759
21470
95413
88224
97461
96446
99088
9141
29166
21646
81311
96994
77669
89187
17575
79630
54196
91431
90832
75220
88638
57539
63997
66623
68501
94403
92624
91089
86382
4488
58038
13351
98217
76592
29351
84266
96153
48500
35041
64715
57529
43068
79685
57340
95360
86096
20617
98496
74783
90527
27712
92002
72478
71194
90722
83496
59922
91352
55280
65750
69057
13923
96410
82367
54780
91234
78435
76595
92087
96444
18573
491
83601
84330
83819
98135
43116
26740
78227
58805
80485
74423
61581
73251
78621
15167
75305
94623
64272
79710
86366
89181
62337
17250
98864
94992
97432
93448
71333
70875
98823
88867
82877
99154
74849
93388
96761
84713
85211
81513
643
89338
91961
20149
96358
72248
75798
9249
53553
97363
97010
76054
77047
77470
66892
19011
6052
94047
94955
87984
98644
97769
71352
87159
96487
29542
36687
92413
89391
91716
35381
33366
30559
88759
14309
80102
12425
51160
61932
93198
53733
96176
47113
72238
51518
42679
13439
89672
27840
46904
65527
74065
7407
40039
62867
96955
77252
71324
53064
75257
22264
98457
60287
81213
36065
91351
18141
55878
48617
96977
88415
72102
79816
33642
72513
74061
80754
3822
87784
80459
96736
94384
32793
46136
53395
21423
52786
12367
50721
95707
73779
1460
64871
97710
40243
69570
36108
47409
98882
5245
84014
5953
77233
55087
59315
91420
58923
2965
68102
91271
77273
74244
24228
47369
78362
86761
3352
91343
83168
88290
74786
61046
63420
89190
95715
86025
58341
85608
66231
94595
54679
91422
48889
10374
90771
74126
95253
81259
9683
74665
97331
77153
81724
85124
61338
95198
71173
42284
95436
77618
3702
99100
2055
93041
1455
98997
47667
87707
95698
71957
39504
59749
19309
98881
53190
76666
90949
44737
7017
88326
53204
58860
28122
90374
95769
35569
89868
89745
58692
91934
59273
37750
89785
91655
93693
87585
88082
45289
95609
94190
57820
95083
70782
52855
4175
16363
17168
41065
81124
68596
25098
89707
81988
92289
96868
57846
50342
81978
85214
32211
34646
36329
79637
84372
72909
76858
98094
62016
68024
75265
85438
91052
58251
83561
91330
80367
37023
94737
25155
64973
93518
79738
95444
92349
7188
64952
78948
20908
47708
69556
92536
97207
81389
98673
84187
45324
73502
61171
54286
36590
11326
35263
86469
55997
70938
44415
80590
85366
57756
98936
95611
38625
87862
27175
79373
75393
93732
13499
1678
10100
87274
61146
50851
82221
80293
32158
58915
57209
42972
94215
82338
32252
55509
72547
85380
39166
25533
45723
57362
89700
74082
60858
87571
20428
54681
77301
98051
65743
80940
84467
91462
95985
95123
4007
73861
94513
83016
61257
93609
3469
83408
72921
38213
12392
97311
62416
89848
79177
86267
21219
92462
86542
57183
6552
8764
81780
13808
89029
73535
77979
83469
56620
84434
44551
34574
79327
81025
51856
19858
87868
89812
93621
77887
28341
64001
73914
46906
95946
47550
17013
85921
48878
90790
83880
74703
82004
64297
15924
59156
36091
86790
70312
86212
94202
81508
68654
28834
98387
78261
13204
45246
83816
88623
80838
92815
95327
4086
89642
87517
18835
89889
60627
23542
73979
86246
83612
65446
65255
95874
75185
85210
56586
77220
19746
17394
64741
52839
77640
82782
70149
35164
32864
23631
97070
87538
39858
34198
88359
89906
39304
97122
85347
57092
64104
77855
4563
63374
93515
54534
91827
90230
94907
86508
82804
2760
86685
43342
78976
77937
63110
93190
9032
75853
951
40875
32962
86371
85083
7745
97898
94734
92800
9201
76528
75969
84971
6830
46160
56234
96715
87597
61663
36589
4003
22803
20640
40892
56440
83465
91762
71252
57037
93768
1382
62928
87876
61324
10057
84001
2944
67784
44690
82003
64271
43238
84145
85385
85020
84112
88446
54238
50076
22263
65184
79849
89717
89569
62242
93009
97160
59796
14136
29624
93851
85804
40575
90464
18347
91280
95446
85151
74861
46047
87666
17146
94826
92101
95879
85470
88299
96433
94224
63125
88788
95656
8118
95158
56257
55518
80581
14536
89030
66100
77524
62564
43575
77411
91090
88537
88091
62718
84093
95819
60355
4784
87142
82125
57135
46916
72374
36166
88085
12011
97299
79611
94768
95150
89530
83814
85056
74400
78433
16542
70743
18693
51091
82325
98175
39203
18829
62274
11109
97851
88642
11528
86052
98173
85778
43328
91514
95632
93697
98685
89957
56725
14147
96034
56727
76014
23684
20755
94741
92766
83306
70834
81975
29986
4354
83477
70648
61641
17048
97920
72098
35573
93412
72698
59816
92657
90236
24980
80906
74415
80305
87442
55049
28770
80483
56708
85320
88208
14308
61836
50110
93665
82987
43405
58365
82293
93562
92130
47881
54514
66995
24690
86020
65667
68821
71919
65693
47091
82229
75591
73542
91770
30747
51147
84098
66921
97581
73299
22278
86656
59960
76700
86528
29562
58019
54844
82309
23487
37634
15064
51040
96801
90815
85781
76374
45137
46452
48815
60329
66957
90952
48582
96228
98536
97930
87705
14520
64171
59434
66635
96331
48223
63456
36579
93539
88240
65237
96782
53528
65304
63077
94788
51418
95250
71615
34358
17417
29424
96526
81935
96550
97195
1468
25318
5529
91383
88308
33070
83418
85994
71424
19564
97876
96906
63815
90699
56710
49176
83719
72589
27903
23638
56852
76599
97596
41453
4867
50428
87423
77810
50538
36728
88502
72363
79658
90225
57852
95387
13747
91302
13549
56894
96845
20830
77790
93424
88461
44803
92471
70914
80486
64751
97375
45927
51021
71514
43576
80027
4577
93688
96301
96578
80642
31597
89110
54636
89534
89477
73458
44533
40718
70868
96086
60932
28019
98183
87294
1184
15933
79883
78296
92287
79508
28288
97591
51474
89674
92460
7911
76203
69598
57355
34313
71107
59633
29888
82421
92643
74337
95026
44234
77626
96416
96213
86707
29908
90477
33532
72591
58579
44241
59942
70057
60999
96576
91903
86061
4147
87269
79567
46955
69161
73214
47785
84321
71539
48384
3485
89221
39677
82763
93762
53163
38117
60301
69215
70651
92742
4917
78553
89759
42372
34450
87173
71575
94918
40533
63686
91805
71192
61642
64969
2617
80552
63285
63256
33595
77001
49932
80675
91860
34867
47053
91738
79380
55360
91195
76320
54452
91968
65637
50865
87194
43275
82414
31728
50755
90781
93498
28967
97089
22117
58713
5089
80455
66615
90256
15431
56864
68933
69146
1972
86718
81128
77857
89272
52280
33111
81651
54459
71535
90489
83058
69757
10589
66466
47827
97382
84064
95883
73540
94180
91661
89194
5808
84751
81872
82365
89560
16771
79774
96795
84577
96534
96559
57357
65761
19202
42538
89037
79288
95628
97964
52472
79933
5915
76200
93550
81034
74332
81774
73525
51329
84828
81438
25234
80441
26541
91617
48096
54975
37938
90048
80708
96522
67894
68798
44080
93112
34750
59927
79104
92941
81419
48422
67158
78397
2130
14368
85645
89158
96731
97223
30102
96996
87380
81211
91753
31953
83213
74969
71980
81449
90803
13032
95930
18859
91506
82597
66461
96568
40172
93710
38218
577
96336
5933
83781
84576
81907
63804
96226
74609
69387
90546
73253
91938
79454
93057
76188
96419
71916
20880
88294
61166
27083
69337
93249
72041
96987
83301
45631
88983
98031
82617
26010
79677
62984
92618
89413
85051
81186
91911
94076
94182
82726
66415
2372
44668
52555
93356
73270
95003
67262
37317
78064
94093
81504
88705
64129
81576
91394
63166
92145
89289
36906
39457
97329
76448
63755
69864
90929
57936
77661
73813
96341
19181
84996
66475
84974
24625
75010
40169
65274
16789
92488
95091
87956
63693
98161
96681
75559
45917
83957
19285
74501
94196
75122
21475
82368
83709
54613
92256
73035
78103
94938
73037
17054
83309
96798
80548
97029
60634
56788
86587
79635
88769
1053
84214
79216
8194
54206
69564
77430
68248
1999
88317
82771
80110
35432
89504
69474
14283
17306
14547
12409
90849
49450
80076
95749
93394
91259
9517
23904
14754
59205
81640
89566
71099
43958
55575
82448
78856
95688
59987
56087
65096
29924
82130
90865
85889
36780
55104
10894
92875
87540
94369
51178
40957
37693
96992
71855
75093
66254
96227
3011
87006
80813
28724
547
5677
88031
50340
97130
9862
70232
38848
44139
85387
89046
65699
80792
89114
63146
82126
97525
40189
94385
9130
92327
19652
70156
5909
67462
4582
88630
65129
21769
61995
93372
92711
37178
1631
79581
94598
92688
69423
27248
22192
90575
35683
88643
47315
97617
55809
97939
91567
80577
95995
94514
85265
52718
39178
97260
95070
85953
74731
79470
51158
97065
94653
62353
76739
53420
85573
66970
68535
59235
23728
40458
93293
29771
85166
89795
76906
93021
52905
90698
80208
15439
24215
95043
35723
68457
58908
61664
41546
76225
58649
82670
60996
85703
80163
71345
90029
54305
75470
19931
70451
91075
95278
86234
79869
53607
52178
7505
97477
81665
29616
91442
38944
67437
76848
96815
78667
76680
67200
36033
87143
87038
65855
85552
90314
77352
81448
93579
95262
68369
45033
95439
87714
81342
11758
79855
29593
38383
97880
60103
84584
65282
96210
92422
90434
86621
30518
96072
56601
89999
67836
56468
17591
27649
87359
74413
12239
87216
79439
95535
57436
93733
71434
11357
41703
8102
71137
94554
68721
89693
35022
63647
90947
92793
97077
90818
83318
45272
35810
85230
61685
97045
64000
12421
66999
68167
92276
62361
93028
64426
44558
87212
85108
74069
84313
86033
88143
16943
97291
87163
53389
41196
96871
80438
77655
82654
29025
4919
54978
71802
63234
3536
10436
91676
69762
52564
29321
74436
53775
36190
26129
91320
57387
62034
78687
65771
89820
81125
48065
87107
1927
90479
71114
63087
26022
97215
9944
65002
78932
80000
2621
22365
70784
18031
41391
41379
69261
33639
82434
82905
54103
82604
79995
89035
34134
82853
9092
82720
85299
91797
84804
5882
42541
35383
72071
74469
70071
90352
92571
88365
7868
92929
59635
7617
67723
87315
87341
45885
59705
96485
85597
52837
75993
53214
87005
33987
78956
97692
4741
97330
77733
80272
34338
89953
74905
78902
9011
95368
69124
95380
17697
93834
89898
54021
74880
86645
78929
36637
53634
54567
83288
87103
86450
81740
75959
92294
31127
83041
93944
92080
13527
77766
69657
73948
96288
33313
55914
71153
29027
62455
95674
86754
91898
78013
14080
85695
39872
25443
68650
95231
87401
40809
55037
86791
87360
52900
66285
94505
90039
57331
76084
89249
79574
75173
10403
71288
61346
93610
90612
92917
46637
92132
43300
94746
91731
35036
69069
94655
15433
55428
92998
95576
93777
55906
49943
48838
79600
85661
59234
79027
73119
95095
65660
63733
90547
82256
92174
84892
92821
96394
89980
62204
47129
82724
14639
77831
71313
63231
64689
81590
35250
95766
47611
89363
35116
81597
20574
87805
15915
83799
76334
97018
57118
58745
5373
96989
69329
75746
94690
88181
903
93144
18934
89711
97320
39526
96290
60949
69807
77922
36539
93327
87632
4920
69200
34602
82919
97346
80244
86300
23336
87952
65412
89754
83759
72152
93741
75408
3349
91489
79278
93986
61142
90791
43186
30194
42002
52800
94209
96816
64585
71357
53244
90599
64857
29405
63639
95792
90586
69780
87814
77759
74225
62744
6067
40532
70867
84121
45928
91746
96050
88862
71908
88636
95001
95634
95860
92954
44620
81324
71337
58097
84479
89182
84109
27162
65960
86495
88633
55795
88430
67774
93942
97054
48606
94944
92039
63795
85102
76336
88237
90255
94597
83377
35378
97181
68708
81613
93464
65093
91034
64975
92177
88165
90905
53676
61872
80880
93553
56684
94551
95030
94411
62886
77403
80985
52657
91995
1532
83855
67355
94977
85012
61133
78132
52712
23107
73877
87378
85073
63890
68521
83331
5039
67388
63752
82746
32909
46491
69894
76970
84052
79698
38830
70802
93631
56377
58240
14672
68189
29204
61495
87923
82898
80529
86830
83242
79234
94136
84365
76236
94089
63129
79829
78156
97359
56105
76333
70477
46182
72734
22903
91956
48737
63419
90754
90971
70706
65510
73773
47080
68266
77616
86294
76044
91645
63688
79270
86283
71948
73371
91573
81827
87916
20190
75752
8549
23677
34461
88325
71777
73127
17436
95218
32351
25811
87161
95797
84179
94176
79720
94050
62169
79746
83238
82960
65333
60015
59540
84904
44744
29379
85952
90654
48382
45466
91601
84200
86403
9479
85625
68010
54643
61468
94666
40301
94614
35344
31853
40749
62847
62809
67920
57252
65117
71502
45812
82587
69048
68663
73795
94747
91754
52698
66020
72118
92759
49577
77953
82730
18057
84076
60758
48898
83401
96319
58578
55807
94679
28492
27401
95353
86585
72462
52147
64911
14324
82217
97210
18322
69824
22804
79896
86034
69628
73497
97252
43483
75547
82924
83813
81830
48613
85402
70659
86597
91019
50533
86577
88631
81221
93751
75933
96133
12063
90926
50273
87859
94725
6656
78267
75005
77426
9821
45159
62954
61052
89076
77164
83822
90451
72828
63802
72496
22750
50866
34806
94085
46353
80802
75703
94131
27974
59285
95018
41472
72711
94438
21218
86829
87594
9488
11164
72143
80710
68442
18863
78789
89701
96764
81439
63488
44583
66314
97117
60977
45355
80357
62044
92473
81071
28169
6474
15883
74136
85489
14910
95810
55626
65952
63578
80926
93737
25386
47750
93774
96735
96930
83692
91391
97014
95088
97057
91248
6195
57507
86610
46415
78005
95503
72112
65193
55973
69930
84437
95897
29636
73659
43642
95903
88600
35745
72752
55294
79309
96790
92950
38410
28751
93180
89169
94524
35619
8019
77633
92776
94584
61088
85818
83360
85684
95956
92386
32763
71016
13398
80105
37139
34494
95773
87847
94946
84705
74858
78664
92133
14121
92785
92147
69276
36306
96614
46852
93822
94449
89756
96237
44975
78889
80282
59496
90250
71485
14666
66773
49182
58077
78059
18278
49515
30000
59222
64467
33043
81905
83151
66796
10276
83606
15274
97123
94394
92446
95049
65131
90183
80905
34117
78601
73698
84177
68391
75016
83052
95845
96694
72777
90862
95617
38953
86860
73459
80181
70816
92232
97024
7122
53033
21527
52893
910
71496
90867
90404
56169
28250
49105
72441
57533
90921
89772
79889
68208
91773
59830
74449
49455
71270
97058
93606
78743
65706
59396
64078
72892
81832
81977
68771
90517
90524
89236
61403
82640
76302
54592
2023
58119
68057
83013
93510
71647
95577
86583
73030
60118
81473
36077
80764
60240
80355
75819
72568
92324
80171
53225
53876
32068
94108
95650
48649
93922
75611
93676
70691
88481
85728
82954
22686
32532
84151
73133
88217
53519
6366
86460
95475
89253
45260
81631
17717
93385
87146
61735
72792
19626
65364
43700
49495
54925
83106
87536
50725
62724
95527
74910
86951
93576
62003
43493
35628
94280
20691
94986
71160
90401
55275
8706
50994
67484
36748
69288
89399
39043
93957
93736
65811
48461
34927
17537
89682
68975
55696
80709
96277
89098
69407
11518
11173
52988
62572
16052
76790
10494
81407
78155
77232
12710
83893
96893
78864
84918
91224
94484
83916
87428
72278
87475
64945
95465
63487
79018
87042
8280
53531
92891
37274
60177
94670
57027
77723
56521
69363
89166
50789
96792
54236
70516
29792
85697
48668
44623
85133
94405
92822
92968
61830
75980
92090
17157
77672
92729
57629
92860
50101
97016
22396
14980
95668
93147
94205
75704
24149
68177
86678
94899
67579
74113
58106
24244
89850
84820
88383
38115
68856
34640
93972
77379
74064
85488
63931
95986
19881
59923
82504
76222
78194
90099
43760
95064
69173
79943
40170
89920
72938
20204
96577
96378
68636
56018
92750
41508
77949
94350
64981
68841
18956
56388
94049
75341
65275
95144
37975
68709
96059
23864
77133
85816
54810
52344
65311
67239
16201
88816
25476
60333
57787
44049
49853
3168
96238
89202
21324
86213
57078
94688
95780
48362
93347
96435
76665
45573
58620
4596
86947
88068
2533
67334
57148
45406
70068
58695
85958
68136
91671
85465
92894
77563
95140
88260
61818
96180
75101
8791
48439
72805
76920
92735
16848
27704
91080
91624
93885
51531
93844
60598
84307
8811
28884
68301
86386
74211
47847
96440
84710
55392
91277
76609
90200
9294
2219
90735
68430
83332
87222
94421
61920
38746
64746
43226
19692
67728
73533
96093
79970
82916
69472
84875
91083
80983
78471
71627
46473
701
55898
82676
62957
17167
50317
69190
92587
51615
95920
78906
46306
64430
74419
93239
51449
57543
71945
10099
44880
90983
71833
83864
67217
61950
90534
85823
96774
89375
65526
3179
76518
96405
57554
69925
74956
48103
30368
73507
81716
96044
64220
82481
40193
59111
45240
59652
79913
42209
73036
28278
94333
37951
43596
87250
93809
89215
11918
16167
71055
47276
78422
50581
22328
25031
64682
1986
13517
74089
74813
77066
88761
76431
89141
75304
24597
19717
47337
79755
87901
90557
92994
70848
3953
96010
44709
89588
93740
70570
15035
43754
80599
71950
1463
17165
91170
50631
35938
79654
51289
72488
95352
80733
68182
82622
93757
76797
74334
43456
89024
86204
96655
72707
22161
40581
93117
14587
86185
19672
92136
81472
69547
79420
18969
89744
75550
58214
613
33284
44478
79276
84843
95765
15734
86815
93234
95376
67394
65081
67224
34840
81402
56661
25136
74345
48888
88811
87743
69421
43144
68571
47917
94199
48403
1090
62497
17060
93091
95293
3899
91517
90703
52682
89104
34216
86069
75603
68887
30656
63462
81216
76774
92434
93202
58671
27450
41886
69761
86013
94981
88249
75508
50439
57103
72062
68175
46156
93912
35482
46913
74788
13394
54485
54890
50208
6571
51748
88100
79106
50917
46316
81714
79202
65009
92528
92665
55455
83715
67744
95624
55844
96465
73557
66348
82329
71236
84028
3120
6136
96035
57800
92158
45668
96471
84152
81822
86496
50753
72730
71792
82129
86348
68588
12521
88382
76832
11959
40006
55649
52229
25564
29138
3896
91359
71074
84798
82416
89814
80967
57316
92731
77225
57158
77242
68774
67987
54817
85109
93738
1102
91463
87703
87797
46841
89725
81253
66344
72963
66339
92126
49342
40364
13863
83660
92035
90604
92541
37992
82980
83994
89436
45491
10556
49677
91779
73206
31677
68525
95339
10773
76420
88381
7135
84120
63437
60140
31113
92416
87586
46424
61506
3224
51145
38616
20297
86909
87410
16888
89314
70643
10412
57818
62968
86764
22598
74759
82612
54881
52305
60886
33227
90941
93485
58665
92768
25285
81010
72307
93685
54254
75086
95779
79031
13693
96003
47874
65944
82710
91073
43024
52859
66798
69118
84548
85592
93133
84890
45000
74561
94863
39724
86050
12729
66708
88671
68032
92335
75481
7692
82894
15139
51251
59488
85653
70928
47028
54400
76253
95433
70336
81422
30820
31661
77709
23676
93276
56857
71425
81098
93719
51871
90523
71570
65058
80061
82308
42888
54891
81795
93877
92216
52596
71238
93175
87863
72011
60614
70890
39636
82364
48814
82049
95279
92032
5975
46432
21832
57341
74010
79088
60243
81004
51338
75526
20472
8727
41096
84541
15137
86942
80143
86872
95414
49335
72667
10934
37977
77658
37695
29074
48300
86024
82290
75814
35373
49637
64099
86429
85834
61577
71334
28996
88922
15964
83295
28007
44119
66039
36004
67647
80317
88398
35646
88687
33319
78914
61927
85250
38378
49283
82563
70845
81316
90413
85285
91325
61036
31492
58271
78120
37293
87409
85729
67075
78844
84336
14427
75807
89813
76590
22560
82564
24536
34908
57545
88093
66659
39220
77458
78078
83730
84204
85623
80732
92165
80804
78328
42186
94040
19275
65330
73162
79923
74028
94957
93238
85006
2105
49445
94177
92362
89102
70122
15342
54208
590
73770
12342
95711
77428
79721
40839
46665
54235
92229
83049
95696
59572
86751
83540
83402
85794
67079
73059
51978
80127
87482
27531
80057
94045
94611
91677
92480
40974
39773
19490
92314
89464
25270
38299
51822
54758
5592
71167
83948
87985
11846
78707
1912
39586
60647
14893
79700
43640
67933
48623
43538
95618
19361
85519
84916
94311
80760
86556
92519
94580
94508
93497
86027
90203
80601
76229
84194
11531
62756
76116
69459
55462
2759
61345
59947
82270
86971
62561
91708
36109
76126
95239
59084
28676
56117
96205
39434
90469
83119
23622
81424
48025
53811
78266
86551
81397
62851
74347
78074
90092
95964
81090
78310
95452
68365
84852
16921
85035
48309
1249
85276
82385
69792
89565
80273
21953
88665
79035
85692
41351
377
93640
66668
50692
18051
74235
59442
66277
70486
86578
89688
73697
69973
38442
61449
88330
83393
36292
92942
64069
75147
70492
24960
88407
93991
57390
75750
82860
84637
73706
74892
82788
93063
82243
81708
93801
59278
73463
92284
9622
86625
42265
59035
67976
63010
90336
88473
30553
73187
94293
7202
65377
43794
93410
14966
5497
8347
77158
53627
88931
9550
78383
24096
41804
50494
93047
94143
15695
80037
53091
37319
90717
59538
69302
79703
15063
27615
61003
73616
93588
60763
70707
75293
74044
53445
39007
87815
92367
57891
94104
96019
79301
72524
80132
80084
43566
6250
85807
78741
31687
63261
90911
82011
22659
95065
62777
87697
57583
89567
84990
41416
71851
67035
68253
34748
80152
69769
81248
2524
63721
87217
51885
84073
29205
85143
83060
72183
84565
93068
72330
91404
80050
61676
19784
89028
73946
44871
70916
47058
89419
80526
52289
47001
84378
56522
2985
90526
82883
47195
82744
94024
14894
89721
90070
50088
77043
73226
55595
94879
94198
60951
34052
56520
87631
68600
58109
30822
59954
88607
62927
79004
69404
93307
20684
85860
92948
94771
2633
9560
83568
68845
81756
61860
79252
61137
95776
6792
46997
79334
74312
93708
91071
66843
92723
85852
86312
91048
18992
84441
78665
13250
90198
4558
64072
61117
64814
44455
78345
93902
70314
44382
44073
82120
8921
48357
94926
52130
42695
76964
44602
69268
90410
46934
83555
92801
87589
16426
18919
849
82065
51779
63158
84630
56643
95195
94026
46087
51496
69399
45120
77234
73222
25952
87737
88236
2267
89321
1788
91801
95011
74559
72233
54032
94537
74618
64439
83769
61655
31564
14065
86448
56475
30412
24176
89870
78018
23080
94831
11743
85898
75243
53285
88968
89484
94000
63354
84613
68516
88318
93841
58829
87309
83690
88530
59469
13523
68235
4411
56882
87806
92498
83227
73308
56444
93654
15071
64403
56683
79308
22380
85417
92984
67231
52296
20731
46458
75076
83784
94145
44218
75794
87991
88434
69028
63161
52966
986
24111
31650
89500
34803
86191
82966
77147
32933
69854
86111
77683
84937
53194
73512
49563
56023
50382
83451
95115
30268
64768
33607
41643
46927
94233
55648
78988
94120
74144
68094
80578
51027
74165
66493
91435
35690
49230
3080
48045
33486
71045
51575
92402
95805
91124
85629
62382
32462
66105
89650
55549
91409
85379
20182
89606
80153
86493
46397
17183
75582
46574
78396
88712
56297
91552
68368
84046
90084
64460
43703
22134
54811
84946
82596
71025
74631
68274
71409
93827
83149
23863
50955
51649
41751
50742
76474
74743
62980
94491
70532
95291
76998
86135
8215
64569
79175
49836
8698
88283
68392
77754
25928
21339
43254
94425
46611
93482
89735
81016
54445
60370
86841
32011
81565
64696
64456
94851
74490
92825
28763
90733
28591
1270
93285
64817
92712
83648
48554
94429
69157
76615
62835
7989
67691
2906
60211
85421
87655
61304
28721
30078
90529
95645
79133
85991
18026
90149
93891
74037
70850
64257
51107
60512
69293
891
67788
81487
15777
82694
94392
87261
7791
11163
8765
68484
85442
52828
18923
88879
28136
83376
52934
88592
74378
25768
68134
80456
83488
44181
75034
6598
62594
42188
87606
88320
74976
7704
92714
85916
75781
27014
75064
95109
94852
91500
36092
26905
85207
70776
13989
80851
33800
77112
46468
67645
4617
27788
28865
71656
56645
89910
67034
84742
79136
81462
85110
87683
57427
79151
42588
88072
85206
91379
82575
95510
81569
87502
84411
94264
93477
66791
30143
43543
15046
31199
95547
81382
16483
31341
95406
93171
46709
75538
78146
3708
85745
31555
15085
76164
20793
64501
86326
22685
17699
56070
66395
92533
64083
93616
91487
85821
34238
63457
46770
69885
81926
88369
57807
59324
60151
55077
64007
56675
48656
52754
94441
79409
75237
59973
51265
95390
75125
92450
94572
13959
88046
86375
88800
80637
64291
41929
75606
69832
95448
91007
71191
37635
69174
92004
75249
63637
78460
60749
93592
70544
25060
74524
64292
87520
82420
59181
51104
65215
79431
90531
84774
69008
91504
71509
43890
52058
66256
62408
95179
88148
56804
28367
76321
94237
47251
86907
77834
64160
52641
60769
87595
42860
90180
72866
50465
64469
5267
76366
60532
85735
79895
91647
94488
85066
13341
91237
78423
16808
5752
56051
90220
42686
93560
78213
67596
43924
89439
30539
52877
94059
72891
80933
53805
69224
34228
59308
80799
58787
86521
71086
64899
72331
60239
89716
69698
87553
72054
75164
60912
76219
92348
47021
87244
89921
79059
94259
71131
84333
7762
74306
75169
23752
71999
42832
67340
82055
74948
92542
59083
39415
59040
29672
93172
91967
95034
39699
66514
82231
93023
49128
78234
1202
70241
58383
58493
85984
38168
79932
86879
3583
73752
92352
55340
68504
87810
58102
57952
79048
76850
72123
1789
65045
80887
71944
94943
72697
42617
89918
46162
86981
58623
77689
69717
46530
87526
16433
83271
69981
75569
78368
73418
95097
79506
94368
818
71593
68196
65675
81271
92013
55753
57153
55010
80721
43616
64307
92591
29263
58294
67991
25296
80144
59383
87583
10737
95361
59271
95362
44761
62767
76502
70674
54706
74872
54747
31857
94736
94677
52523
16368
92517
54787
42647
88508
76822
79724
84065
66051
4191
7613
86550
73987
37772
93683
17891
68542
73231
62283
88119
86010
93897
60315
18299
60826
72106
27088
38449
89764
62586
87174
81742
23829
30382
26825
83124
22895
64465
89293
26225
95330
75239
69908
86972
7206
87195
87664
87855
38379
24298
4996
92813
63348
52499
20546
77620
31964
33355
57157
68879
23914
42671
59119
81292
14523
68772
81204
60955
44894
88380
40201
54966
51352
68761
80031
62895
82301
94672
79135
79440
92639
85668
88924
24373
32468
90282
55961
48003
84914
91840
23747
94242
74564
64738
90914
6625
33756
40295
34815
84626
38475
80291
54424
24600
69443
28155
80482
51320
84327
67673
95153
40430
72626
52082
49985
72797
86327
90168
73843
93642
22679
75726
34866
72812
68360
51007
45208
1300
91354
23539
93758
86090
70598
4938
75849
82699
84902
12600
80640
70463
79281
93136
71047
77145
89518
66259
48708
6245
69942
90271
77599
54644
89777
78706
18003
1376
52537
80230
78001
81767
13788
79793
4382
73760
35099
59140
92824
57988
26031
60504
57824
80867
2280
50056
65839
46543
90767
90538
88550
69052
94440
70863
89796
15851
90508
81845
95232
91781
69129
737
92053
94827
58836
61816
59974
76146
67061
76941
40783
61808
87881
90125
47590
87865
30650
78719
88674
93842
1693
65819
68008
36684
92141
64826
37637
75035
65708
47185
56260
90545
81156
92764
3135
86939
95010
71545
84116
92283
90519
34180
86946
70285
91165
11366
84315
61502
49112
76905
27274
88858
93367
94362
39051
67008
13075
73441
87016
27123
54512
55213
81676
86445
78003
91278
42786
90560
78552
67765
75287
59287
72091
79915
47936
71326
64201
995
3735
80497
24673
68111
75390
82893
92795
59651
93005
84233
64436
75008
94891
69305
55314
60520
35035
42968
48552
87837
79953
41569
50334
87115
91440
32568
69965
49091
63653
52335
26053
34137
57433
70853
72422
84782
61127
60516
12740
43028
68249
39037
83214
64278
9824
10048
44039
78661
90855
72718
79014
67396
83865
90154
59493
38304
91908
79990
91523
61915
83355
72824
26849
2183
73912
50741
89452
17636
64266
55585
46949
30751
8018
78122
54327
77856
65128
90002
66289
50651
60115
94803
88152
9974
54633
23414
63812
51669
53535
93619
55565
93505
94165
94065
75458
63879
58627
8371
59364
40045
78691
64802
81937
59608
9635
26530
88393
6652
40818
72145
52072
80375
12220
77757
78871
87121
43339
35122
88011
34108
8893
88493
83801
89107
81058
57105
87679
89446
83783
92100
47304
24204
93253
76765
21404
80021
93176
26823
45322
73125
36293
88564
88469
91572
61869
88457
70255
94631
90570
77094
64157
79172
78200
77995
73423
44699
91744
92347
73723
45050
77035
90856
59144
90267
55966
61364
31986
44656
63891
72444
84988
55355
16598
88122
50738
80752
57991
57721
79684
87765
60119
64590
81203
88243
81841
89288
17702
39823
7839
2342
58132
18955
44693
91616
87954
93626
93100
30443
44285
81544
76625
74354
88905
21681
69206
88888
67283
59447
33401
73327
2405
94230
66265
23887
94797
9786
80922
85103
57726
5465
12197
27043
79066
7127
56533
46513
44779
84077
62137
47282
83640
58134
17584
30983
94534
48975
46119
89748
80034
74942
89219
82549
86821
74128
83632
61675
24698
83596
82749
80412
63754
94116
67756
93061
67591
84303
34757
41887
77286
88601
82561
77690
92722
94785
88975
62814
88134
63097
64602
21432
9932
63450
69956
74326
86156
15154
71817
65908
76058
77883
72295
15245
40187
80819
30832
62146
74303
84456
83677
89065
76216
32234
66372
33330
52223
76482
83701
45612
72277
58904
4856
51899
94376
56175
88590
80187
1506
91791
90907
89499
4931
56286
36720
27478
76846
88791
51759
69380
84427
91765
63449
91554
91045
82624
75496
94493
80023
72746
79319
81821
2294
62815
7269
90289
93054
80424
55096
63370
13936
92799
12023
93535
53723
60348
68925
57559
76095
64312
59201
92417
68479
42230
27276
2071
85346
94480
81151
26952
40448
11475
68638
79394
57121
66638
42153
84675
70022
69401
86296
40021
77708
27293
52205
38561
84403
79158
45098
56538
74487
83708
8858
88871
93530
82001
67585
21900
88967
13389
93283
77193
83027
80652
40507
83665
74433
39518
81353
86929
82419
87706
90747
11534
12876
63620
50553
85071
22256
84526
45618
80256
70262
84125
45069
94439
85459
93094
85882
73003
80822
56275
65704
68500
94669
33599
64279
62327
72793
87657
87483
92817
52683
12312
48
47270
79886
65768
67638
82402
59806
27901
86410
77956
32143
75403
65415
44434
65164
61846
91066
31044
83101
68773
86365
93029
15272
70644
8236
79176
89501
69056
54697
83594
92205
79365
86175
20207
80051
7634
56921
80726
61633
48217
85382
2332
89368
87342
76953
70543
45977
77340
73014
22316
58840
88145
4826
90353
89079
13985
54673
42943
61802
81808
48952
74928
70911
58352
91137
48894
88563
69756
84938
88221
68901
72090
94299
37507
45922
91857
92094
61246
69495
78465
1608
52759
93384
60777
85373
36264
51710
76328
80254
66683
88196
83348
70960
81295
87993
83104
75172
58528
94054
62529
63597
77776
92012
88744
29142
77724
57884
39703
68977
68329
24354
35872
67308
81276
69822
16291
7453
91350
84704
91163
82122
66869
43393
88662
72632
75505
31545
91515
56952
56454
14111
1076
94478
80883
74011
93403
54398
80188
29408
5583
82707
10804
59402
27919
69066
60008
86380
58203
88906
72915
82903
94144
69214
13763
51864
92135
58129
15394
90006
89913
48424
76863
79800
71253
45149
52422
56564
13969
89873
77188
56957
73962
79890
91846
36565
69193
54104
78655
10262
73060
43698
75363
94246
75474
28779
14424
86715
66535
83717
77907
72899
26218
64432
78046
82388
87068
64740
54183
47316
69775
92858
7278
86424
60719
77211
66131
86765
86691
81328
59871
78080
45459
63541
89510
73492
72326
76381
90249
69790
36693
73527
87219
5854
75960
88271
91337
10064
91406
59748
71422
76978
4202
56697
92738
76184
20871
57463
58089
87471
54941
4742
4983
92963
64924
50075
46631
88719
93137
48663
82181
20037
90316
70374
83927
16039
80643
64683
86750
86668
33455
27632
81385
20468
89015
54791
68372
78703
55003
65517
90350
73638
69247
15102
88544
53988
59089
78006
60234
38129
81909
76860
84841
77505
50158
54440
72782
50616
92926
89547
81591
59537
80477
91807
8081
85776
57789
92838
78403
61161
94395
42376
73386
41380
11181
42825
74360
66240
87085
11074
32507
53863
16280
1729
37629
83672
34944
82109
87493
81189
84527
37699
86244
14369
65765
36650
80033
84314
74407
49377
94219
71604
69764
81099
79928
22493
31876
12901
71536
59015
77170
94373
93056
61408
34858
56887
15808
25798
93754
75365
87323
26
85434
69509
70970
90147
88104
46242
63536
35907
72884
91499
91949
19988
60309
87572
89343
82074
83177
32638
10780
67107
88679
1428
82233
84061
86594
7448
83946
24256
83574
68882
82608
92068
24897
76428
77900
87660
19745
80044
93502
19505
83776
89984
69327
64659
94250
88138
91771
82892
79255
76065
70647
82858
34855
88107
28843
65033
90936
63936
62047
36327
13809
85873
16329
73990
54490
93013
90835
64489
87719
60200
72023
3314
80860
50912
77042
76635
10885
70773
11434
65362
43253
17892
73111
38046
70518
69751
93340
37284
72008
60175
80158
36208
7126
67542
59090
56909
20386
45021
87238
72359
71483
42847
29821
71329
89572
67557
55118
32128
74200
86640
26645
59100
94043
50557
49969
87071
75191
48124
61906
84587
69886
81393
42067
38192
17363
90074
47158
77923
38465
61949
3981
88304
58657
5865
86483
20865
55667
47121
61147
47139
91338
91495
52544
83503
37850
46994
66904
29397
73488
48659
31196
77583
43902
31951
31806
65083
85005
92992
88985
50693
93641
63519
79058
77315
76951
2444
25321
63581
81726
92458
81584
64424
88073
84358
76360
93516
83115
9726
88898
53134
87436
50625
9435
82099
59524
79458
50030
68203
2658
92655
78479
55624
54540
58154
92082
91695
92853
59500
85138
30235
92161
55432
77514
70624
81878
49682
5352
64045
70421
93584
85378
54913
77537
61861
72764
80275
70959
28913
10929
38146
55370
93582
77817
52662
73486
81285
73677
88357
36219
78530
50876
50326
17133
81621
36929
3056
91559
79851
68799
56815
69609
74902
63273
92878
80720
71662
94018
51011
64994
22742
32440
79612
17382
65390
61665
50485
79667
69567
63205
74941
21529
83729
81818
93985
57484
23952
28578
84816
87367
77008
93078
93764
28707
8115
73012
57242
75679
59877
90246
51928
1875
67160
241
6803
85800
87136
71491
87731
80742
91040
67851
28681
90400
90628
7001
76874
79081
72019
90660
87653
77453
90955
42545
77713
78312
93435
85011
51939
94039
93352
74025
92970
92604
77466
22393
90611
12652
72297
91808
83538
12099
23025
5703
45408
42782
92946
93543
88154
93227
60082
83366
84590
31989
61274
69216
61942
55161
81441
81351
90847
37968
10840
55461
54550
18240
60003
85887
59056
83215
41142
61100
89846
83679
68444
67343
57622
87816
81138
69091
73755
88935
86695
64534
65268
72296
27178
87960
32273
76091
71148
70975
55978
75057
45084
37036
70983
68634
75123
53021
93926
88622
35284
72120
66547
82867
92881
90708
75762
89188
54066
68645
16757
13425
69350
68128
91197
74760
76568
81288
85302
82276
6825
85784
91461
92109
81894
205
44811
85929
27400
79802
47733
85904
39763
92681
13081
76928
88988
89042
90276
77556
50567
71171
55223
76550
73330
64247
77088
56609
77873
86892
3531
84373
31583
61668
64725
40689
53371
6723
83045
54007
60808
84440
88171
84729
7571
3110
91242
92258
66410
91091
64147
85806
6162
70849
91429
60514
68259
60282
53561
80955
80160
83359
68563
83410
90671
66624
88513
54326
18378
22024
57713
62427
85003
77181
13642
87332
92645
60410
83346
58985
58060
70077
75419
93771
22533
68914
79780
48970
90257
33717
89008
89944
81132
37304
93750
88926
35962
56406
58174
62599
89647
13086
37078
73664
63621
82651
51882
81219
56181
91698
67819
91930
88258
79012
59041
79999
92610
74355
81654
6895
50227
7494
58513
5619
89225
77268
46980
93126
58124
33830
7032
92273
84242
1939
14132
56654
52210
83588
40305
91264
80668
92408
83292
45973
33271
75624
56107
91300
78409
58896
45794
1914
88694
67506
83362
75049
91058
4581
19875
73322
68509
4277
10001
57961
74503
34001
63448
3427
19068
65478
50967
75426
33725
59031
14997
79149
65641
83947
65447
82511
10867
90909
56094
50881
49734
93240
89779
83120
52057
92935
80555
4892
75279
92502
84817
72401
90371
44725
85410
9289
89790
43721
86138
73289
77976
75462
35957
55425
63078
1267
82517
85747
77247
72115
60575
5215
87312
60332
70979
47488
44970
9907
31338
73331
22915
91666
76247
73276
39694
4514
57661
90574
76515
65525
74848
84132
90427
58186
64577
83986
90786
73476
25556
21936
91811
31450
15267
91415
89601
48449
46568
15070
71362
82102
90344
91688
53521
46924
43997
28318
86630
79046
54018
66286
32602
88690
34027
74156
66362
69729
68790
78365
70681
91138
2067
24306
68419
93544
75866
85274
92448
80549
58391
61434
43530
81635
85439
80042
86927
78259
57790
5485
77682
82169
51357
51203
77543
69593
89073
62748
85900
71962
90608
92195
63944
91826
68651
62198
87834
66917
84309
55902
58059
83486
75843
83673
42255
51568
78436
56624
56510
40463
52052
26776
47150
60377
10593
54979
16783
7279
61524
89966
87310
83025
47084
85034
76408
18663
84278
48611
41706
91793
85622
70922
51429
19484
84251
92350
75068
84992
28449
2439
85513
20100
12899
92026
84379
54281
85161
73763
87851
9744
78586
7084
5106
89112
1930
46129
59958
77748
84370
36183
92697
21738
91293
87037
3515
6664
83413
69433
57432
93183
70434
36754
48001
74644
55493
15687
73869
37091
79062
4403
61560
53135
65000
10105
81956
81564
56132
92228
81447
91270
82224
70891
24572
32164
64567
83253
75694
44705
85306
41332
53544
86257
74771
83008
51436
83746
50859
9860
84218
82413
72562
82322
77805
81446
43158
71611
51155
83629
82399
64347
81798
59901
26527
21335
81326
86726
80213
69525
78170
62641
58405
42912
68780
70010
73614
93026
84823
54727
81671
45679
42703
32587
26401
90792
42022
71269
46524
86081
90399
69218
72490
85822
34517
76298
69797
85920
34933
72073
86358
55127
88234
42872
72692
92270
24464
88584
74198
61277
68722
11811
85371
46408
76281
77299
52047
57128
91251
81531
14258
85089
67624
54651
78660
78351
22800
77868
77919
87621
77627
1466
87118
79460
49600
72770
2597
19197
74624
26555
39019
90607
73081
88912
73185
57950
77819
54705
81992
87884
78437
53237
70797
63633
66599
72742
9775
48318
52453
87431
91059
73200
85477
87607
78476
84746
56709
47769
13193
62825
83233
81836
45899
92974
79034
77858
80734
75641
36429
62713
71652
55196
76329
18186
82038
85399
75073
46629
86921
82453
60686
72303
74485
88728
82973
45874
87675
85826
90918
85655
39726
81507
93032
88889
70339
49286
9239
4196
82219
70584
85300
86359
65651
51740
74338
71037
91987
13043
82027
49827
84055
78258
4369
32176
26163
67685
50980
76373
80938
43988
87086
63113
83564
62133
29063
87767
88688
67795
91458
91558
6504
74070
45715
42700
46240
87501
44692
63529
84355
56467
79971
55639
7268
63073
85384
67500
1764
89403
89663
38268
90455
65727
69479
64378
24260
93150
73628
88081
67114
60486
92806
88610
45936
91674
75267
69480
54310
40851
60048
85177
59718
85494
51486
60607
69336
21686
66632
2426
60406
70245
34047
92524
87265
86506
52818
89165
16275
90441
92185
88848
72291
71396
86511
79984
55741
22399
54650
43807
34745
68690
64209
54764
64370
84415
51125
53247
20392
80916
46650
71607
70108
79226
50399
38319
91370
87674
72944
83040
19811
77894
81816
3788
39826
60161
67511
55014
49916
71632
52495
4420
90497
63136
49939
18056
90373
3715
83884
84423
87756
85765
64284
75718
91142
84888
67544
82106
86627
92432
64794
58906
20231
19682
14360
35768
57131
49687
11158
1763
80496
92782
43546
92991
57827
53980
37289
8748
15614
91219
84492
64578
27895
78489
35652
83121
92285
83512
74236
78054
85084
1508
74199
53651
32495
61287
73725
75433
60459
31921
85764
79144
24496
73369
47128
4179
16032
91095
91444
89758
3851
60188
67243
18352
25009
91722
77118
34377
83573
77687
84776
72826
87747
89172
80927
71532
63056
67134
4966
78115
41727
47055
80539
66810
92440
64774
449
63371
48559
85755
61183
72806
93164
24512
69453
88981
45006
69445
7582
79668
92565
45027
35084
92091
89135
67302
91835
77483
74823
40519
56577
83264
73561
74166
66901
70112
18680
11797
87024
92092
49890
51258
73887
72434
90361
87889
89489
86797
43304
79256
78881
70735
86411
74605
42859
203
88718
74694
69266
44419
63441
72222
78370
59961
65883
84085
52753
86376
74651
83462
16560
60020
87869
52069
60832
84952
44085
92088
92923
45740
73169
88738
4849
91598
76272
67968
83079
69043
70670
84985
80218
29852
45269
67597
77824
11397
11886
58948
36201
63638
71019
88710
30424
46098
90587
10309
86398
25506
76397
76519
88375
66112
56756
7288
69640
81116
66168
91331
81154
62607
85218
54517
32249
28856
79516
83676
45286
36925
75358
67598
14979
53981
59630
78713
83351
78736
84445
32261
65877
81891
13656
65619
81056
87566
14432
75266
31222
70318
25381
12940
65066
51153
48014
73004
61553
83299
63367
21350
38937
59853
54086
71353
64995
79320
50253
12851
78322
89383
56809
49852
81030
88541
83425
85847
79114
68288
29252
61148
87185
83099
67603
78344
88004
28184
87637
54248
67099
56781
80419
88542
10694
86361
53992
26630
65449
86973
80103
75823
78972
20172
87809
47575
49327
90190
63326
78738
81512
83480
69078
92052
76339
3085
77814
88262
87123
36552
63869
73439
58099
83731
65876
75296
11450
66530
67324
35854
60967
67927
75188
63002
24018
51690
67678
90880
19354
76608
83702
83095
85563
21101
65536
4615
80841
64322
75560
91362
16957
73690
32930
54933
79002
81301
27503
63785
80301
80631
80064
75392
12582
90308
46787
75152
81369
52112
29533
69108
81898
62160
74779
80442
62944
44614
78747
7330
86028
63278
49065
13305
82167
71012
31219
14437
72236
5147
45059
22996
91701
30300
37854
76398
71022
20577
81427
54912
5110
42769
20801
87848
56966
90429
61768
79316
74441
66213
38514
70636
77026
78305
87344
48722
92180
52703
81806
86565
76999
88247
84426
63308
90268
88599
84176
75436
70165
91471
64328
89832
45750
37536
83556
67431
66710
33553
69308
49226
54781
90028
75253
87523
72688
77030
77890
72386
75338
82210
58400
15465
56874
90507
91108
12891
87356
29015
81208
85988
21331
90712
63131
80411
89979
69339
6220
64717
39362
10563
69009
75532
77777
91589
49627
63341
3369
60764
64921
34756
88768
85933
55327
67782
70777
26209
12103
10375
82682
82492
11273
38702
19147
48986
61415
75066
6827
63347
79515
48707
43526
48173
81379
79977
57972
81111
72141
80511
80364
80257
81060
39522
88866
66310
77063
30531
29485
34019
48719
40408
52376
80281
5863
80247
81789
72169
31765
75955
6014
82574
64184
85970
46440
77842
66613
92008
89329
406
20648
78583
51920
46737
53325
92304
30692
74121
54198
86187
17855
51717
68475
17998
15802
32016
88698
22484
33333
77288
42708
41014
82042
71848
27342
76316
29383
79432
74138
88828
28528
90597
53202
68802
8618
55633
9942
13049
79568
31669
83207
3399
72833
81358
89732
72791
61242
56985
91580
7424
54634
90324
8759
80731
64111
91385
84604
56689
73197
83873
84389
78627
84718
76736
85828
76204
11030
92111
88757
68929
68687
60298
2901
28244
89370
74881
88395
69097
82620
82809
80842
71056
92031
64605
88203
63740
80891
8754
81390
37130
77075
61954
4838
79924
11602
87311
77368
78780
92249
89540
43268
52775
46594
71866
37677
88777
58828
88832
89728
67419
53351
92545
90058
70361
41614
51515
58565
16059
78410
9576
71330
18883
16908
91830
82057
81245
64372
18788
60275
52937
87058
85837
79011
32384
74398
80713
23560
65440
64573
80504
77414
53784
74269
68538
60978
63119
51689
28173
82616
44424
61379
85857
68068
79418
21165
71622
69484
81877
18536
43138
48601
16026
25005
69295
64121
86089
19155
71678
34071
13823
70512
91537
88008
47908
88335
77406
76876
15989
68450
81205
34751
55577
82258
8815
59779
50991
78133
51050
75356
92022
47861
89549
2890
65835
30732
61294
89478
91916
64470
89063
72209
49713
35866
71097
75793
78496
46830
78447
68069
74505
30596
43479
88925
90439
58202
92330
29675
34717
85314
82673
86728
83764
38545
82028
20868
91957
36998
75861
70470
91044
89389
71161
88482
37016
15903
42523
21453
37559
63627
56149
7413
64339
66672
10139
49889
57829
17880
79069
61945
90785
86278
76498
80990
82873
993
46450
70120
80215
30899
18949
75291
90871
65767
60868
84933
74661
80879
29322
31654
63583
4023
44279
90462
54422
90878
3909
11053
7667
90902
83265
88993
35621
49246
69697
66428
43730
75115
63082
89662
67738
16969
73437
89757
75318
77526
58296
86095
87384
82712
65410
87108
36864
89928
70991
46792
74676
75031
76653
90064
14546
90721
88839
86962
46008
89119
89523
92336
44028
72135
72652
55892
88174
86653
16913
74545
88724
85503
80277
29158
73731
73137
36167
89977
84677
86512
13872
87789
69575
23973
78102
90799
69767
45475
92360
72009
64885
65298
83791
56137
78612
23055
84425
39917
70453
71711
58640
51149
73356
71612
73757
83129
91460
32531
5058
91659
91043
69992
53210
67201
9424
91538
2735
70710
76791
76140
57982
43015
32407
35157
90624
89305
83255
85256
39611
92263
91193
1032
91393
76798
71015
90062
79844
72105
66676
63152
36709
89577
90472
57798
55915
68727
91503
73963
67409
12719
47500
31213
80235
73972
90138
74353
48688
65555
85649
2701
50766
87576
81981
78093
23033
985
72213
85838
91018
49485
86796
84874
37085
79098
70056
67347
80793
5169
80081
5174
12733
91067
86609
82207
76424
76892
45792
71052
91484
56067
78094
44160
87299
70102
18891
34788
57474
83395
83091
83257
77972
86139
83450
77931
79957
42114
60629
72801
58096
89379
85293
58758
68064
66438
73790
79561
92027
45923
8375
40681
89062
34551
91928
24291
82127
2953
80541
19339
84513
90783
92175
80988
89054
56907
53240
58587
79182
84129
87550
50378
55784
81136
84753
13704
85082
76380
76787
84821
90500
81962
64033
30587
47532
74530
9320
6704
85762
33952
82832
21797
63970
79777
4612
84255
48255
29096
33217
84107
44521
68463
40894
69408
74888
53084
53638
84202
58543
2285
79477
65072
77469
78490
84625
45303
70497
50801
59342
83649
19196
86165
91032
55183
86196
54992
90784
65108
51322
72528
75862
80850
79279
21887
4697
78246
74654
39508
7440
70913
15186
44519
54794
54080
83999
47969
82741
43626
83516
69205
56536
73574
62215
81719
76010
54524
87873
42993
78140
84128
90480
83250
80470
68361
82693
48755
89312
90127
26073
47757
63104
74650
56513
91595
81879
77452
75404
78547
84201
62227
78823
79899
54560
76587
87073
29311
83459
63651
83861
80790
67190
78004
88890
88785
65221
74451
659
10218
82479
63898
28557
86532
19386
90809
56676
84494
62589
91216
82732
44815
76879
87057
46486
82777
44747
20913
74617
69920
40816
89854
75688
60806
50700
33645
18179
75416
36797
92063
82292
50840
91000
87455
11040
81941
91178
37736
69365
80092
82287
83368
89093
69540
78255
44872
60582
76193
86813
54532
72491
68343
6216
21722
11339
83090
87744
91374
45419
22417
87226
90924
91194
84452
54685
84360
36152
53122
5173
16917
75214
55897
24943
74186
85574
20829
2804
90590
66883
85145
42304
16719
59639
74833
79656
91634
56034
60497
78951
56939
46853
84340
58237
85902
81804
10225
23154
82198
52056
86748
56453
61040
56430
67693
86458
18668
64671
78090
51552
63179
90876
41765
39842
5303
46070
66118
78470
88970
83800
46606
23013
67942
62332
83447
76011
72396
72267
69974
63274
90367
46876
10896
51386
91594
63789
76136
87091
67362
61941
38495
91748
39261
39549
19791
75635
71863
63668
1578
46936
79571
20194
9933
87911
73951
55229
87709
65664
31672
21141
87524
19201
71681
88677
49068
20662
29911
85541
84528
44445
15037
9927
76180
63320
84349
57597
84564
81021
74791
87233
80592
35471
51559
91919
90838
42235
48353
18723
84558
78880
72159
53128
3272
38490
51776
34184
89579
91414
83846
84048
69017
40677
73851
44121
77892
58969
89473
81743
71376
69636
59570
40004
51269
59433
79843
41548
62236
19960
47203
72660
90679
44213
74223
47568
89605
46322
52681
22377
89903
74582
44125
80779
80137
84016
86543
88186
79299
73500
25854
89511
57332
89396
79399
59225
88681
64821
87557
67528
56384
2221
58797
76425
3974
91396
35794
4532
69050
73451
60063
65202
30715
70275
79819
83807
79208
57654
79097
72924
6499
9020
91727
78534
70196
87358
72358
89408
37567
72002
91003
18376
87382
91418
84368
46956
32348
62308
89991
69179
84288
78126
57486
44791
78012
86805
78071
60016
75539
68621
33808
70331
72910
30945
39099
62603
55376
52580
75988
76954
38334
77763
90725
90646
59747
11744
89900
31952
23765
64783
46868
22160
55172
83113
58988
44158
26469
80882
84984
58328
51827
83044
74435
89315
39215
88257
36775
15065
80005
87067
78576
75802
80703
76538
68788
61707
55767
28748
78800
81410
72675
33228
65999
85037
45514
10845
83662
85922
67775
78725
77542
76540
64543
61320
19684
85539
81176
60334
54072
81215
87966
77128
60409
86646
63137
50694
77519
71121
75486
50657
90978
61207
30716
65982
77218
90985
84054
67218
85723
41905
79602
78099
51913
83923
53692
53430
89875
67710
89348
53792
26746
83875
11516
48880
45903
88881
25554
26063
70524
51578
73505
87184
1352
67208
50545
88535
85403
55269
81999
59985
62948
42473
81123
68405
55410
24233
90797
27251
84522
62078
87484
80748
16855
28269
59921
84374
48963
23505
82395
35576
63150
65989
1967
77621
6700
14781
23135
83552
38394
82489
64791
29318
75610
88137
80157
89248
7255
75724
89840
85460
50605
23396
74040
83982
58847
2919
41118
80707
79315
70898
47392
61184
61653
77086
79981
56904
80877
67392
65549
12735
68406
62205
90339
90930
84211
31634
84341
58583
69793
90843
78077
82289
13451
85029
46439
59461
54611
80700
59302
78117
5229
46564
15488
45762
32076
16733
29920
81367
29881
69113
80413
6382
85200
88343
17345
60840
91180
80556
87829
57992
33136
78187
86122
66107
42807
84267
34315
14645
80337
90780
7112
85281
26544
77705
23474
74604
81687
72883
86200
24412
53866
16211
18792
48156
45562
74024
47738
84207
86254
87128
80912
8391
90596
63582
59566
88367
66450
85268
59594
25069
91342
61599
29784
7117
64333
49092
60139
87516
87965
57540
76621
66203
9297
69801
75479
65094
54311
59993
22943
90540
44324
38986
30330
79355
84978
37776
50360
5873
87801
88817
10932
46977
82649
70293
87567
67549
21317
59046
84329
8461
88376
75378
88974
82200
87197
4626
9121
8380
23385
66437
71488
1041
62465
83976
89599
90187
19007
90888
42074
85283
40866
9156
88951
89786
89195
74626
23392
86334
63482
70682
22013
83444
30526
55447
51729
32569
38434
89627
59531
89800
64559
90060
3002
77254
34507
85899
79282
78788
85896
83012
86328
83024
44868
59250
90614
53099
40124
80782
89237
82136
71703
70173
89538
64552
46205
66160
47695
86600
20823
5247
70687
86776
7955
76944
87968
29365
70243
18974
7254
13548
82146
88219
73138
62664
19027
83798
60674
64701
42330
60303
66974
79830
25908
77459
66455
12561
89715
914
58599
67157
24342
80498
68381
14565
80405
76029
90521
75504
76720
32897
68437
60289
9438
88915
47064
88027
2234
73909
77681
57804
80159
88392
46131
71186
83823
48857
84212
53186
88163
48938
50815
70664
40560
59995
43666
70547
64346
86377
86697
60880
59130
63148
42990
77950
9772
50073
61620
72134
8830
45087
55560
56721
62932
88188
53658
76514
54672
57819
79589
8718
27240
76663
88433
71979
3710
90739
63906
78962
81348
68227
69975
69658
89956
68427
71118
75170
69759
48417
5428
17428
10003
55423
58151
88943
21296
91022
22558
26629
43229
29264
33453
14719
90046
55793
8552
74009
56834
75883
47220
52812
55765
67847
74998
40219
7491
87439
42868
91081
68988
59158
74607
57650
40191
66264
67111
83693
36258
64177
78169
29757
59861
84024
53935
71549
49363
57931
74718
74108
87223
81152
63066
3221
62605
15016
87955
70772
39610
82277
89244
31995
50883
76173
89802
78221
37415
64038
78019
64674
80699
60542
54674
40477
74821
57492
88507
12039
79845
43109
37325
54875
68330
85090
31902
83342
70272
79882
78942
82007
83367
89838
65779
90987
77081
76919
88726
63372
62838
21757
62884
49537
88901
69503
70774
81266
64105
58029
31453
87111
88421
35980
73484
74181
38672
79870
74197
63402
69313
47799
85327
63747
53840
64583
72987
86002
82988
88109
42121
42667
69231
19114
56639
25227
25553
78891
82599
14058
91148
90134
70488
76337
78943
20174
86965
78420
73958
57194
10512
8872
21247
58490
74583
58169
45444
88540
76262
59346
69645
88176
44064
34459
81572
75963
53772
40925
74600
53433
17010
18557
47202
64772
77016
12869
53406
73287
84224
75609
76852
12065
48298
38936
46562
82984
62617
84589
76021
44627
23574
74640
88220
64102
43320
85146
68590
71819
83643
84022
80376
24922
83656
84862
65703
70142
76319
78822
66073
59533
86301
71524
86434
68135
86426
62419
62398
78022
26717
28101
61414
50709
13743
16537
88042
51766
65460
56188
5374
88846
82103
67055
53089
51064
85928
64217
77070
49357
64877
4276
81298
72084
83167
77213
5976
60539
63485
69094
86239
68139
72077
48711
72403
24038
90234
32926
68314
42109
58324
74060
83361
56656
27119
8912
72157
49747
15755
72614
89835
35974
87416
17755
87596
76127
89268
57367
89531
75081
54164
90773
48548
63237
83520
63993
84975
83336
54002
81083
72588
68813
47657
80573
8312
78096
64672
81223
87352
89385
83132
67341
75545
50454
57119
43901
73812
71993
11898
14150
77647
84749
79509
76306
87090
88574
33501
47438
74610
10558
86847
17149
86721
9892
69039
55757
27289
86320
80428
62883
88576
66756
80553
81690
32191
89366
85669
65731
76451
28725
24854
86724
90658
81592
82418
27511
88971
89493
61034
62393
81931
84894
88900
69263
63465
45490
81196
67526
73242
72802
14493
1873
27994
53745
62986
89021
59420
88857
68545
43088
80248
17727
77203
71740
85080
65419
78372
62604
76101
89332
85856
33375
58095
78899
37528
76770
26590
75832
84249
69072
81333
85064
90533
69249
67619
88603
77762
85247
68511
81713
23333
75757
66989
85085
83733
86723
79980
39160
89085
17132
85957
75317
36779
12657
73772
41475
89252
62082
77154
86110
82128
73370
53384
42356
82634
86998
585
79368
29739
81618
88043
26317
61076
81987
53067
85013
86419
72825
22028
88036
48526
81499
84364
26524
71462
11902
81314
82937
83246
88921
88468
69763
88767
2318
71431
88399
67018
78579
61713
43164
89120
49994
59618
77431
5183
8096
53517
75288
48563
22870
74887
26161
16002
80233
88202
81063
5602
71028
33295
67273
70244
84769
85397
84960
71888
90836
68605
69246
6253
88361
61323
57017
36071
90185
63896
166
71710
79495
51541
85859
53768
84959
36988
46108
77200
72947
74439
13295
71073
4189
86029
57589
89132
1738
80351
46330
84521
56596
3288
83765
67358
88818
58767
74240
45709
77438
89068
22494
66579
31591
84867
1479
72757
43060
38843
39155
84593
82319
22923
31315
86197
9007
72016
75065
24801
40932
30150
57901
58160
86057
70038
47534
1992
62826
23432
26183
86183
85618
85165
70183
50192
20675
23021
51471
42613
48459
54469
45606
57339
88094
87467
83760
846
60673
20847
44011
90258
67928
82085
62787
30765
52079
88342
17453
60751
83188
78481
28080
45428
53246
56669
77251
81632
79122
68018
80587
56343
60918
62651
48414
81972
45818
60690
53915
74279
51565
6283
87867
2864
84877
76577
84237
2215
85983
555
77373
83915
90300
14951
17120
79878
40316
35748
82037
18265
79036
80336
77791
74204
88918
74896
84949
70837
24214
51129
81744
72285
80893
24485
61647
78728
61977
63741
74538
89860
73549
90491
39789
52175
56466
58926
75379
76237
43059
84059
81468
86663
11379
84964
87510
53027
55427
72049
58035
89461
68745
69128
60882
47888
80151
12596
89260
55586
53801
84915
67102
72518
9484
65746
8566
63579
66693
62179
81480
9649
83128
74035
89274
86655
27733
60086
86954
20310
17622
79620
43272
88965
81951
79681
78921
71122
24961
82644
48339
68768
87905
86795
12258
73890
65880
55822
81571
88598
79607
23949
79975
84206
41212
84163
53761
83980
86240
86859
60599
80056
82584
72753
77642
58416
87468
88441
74079
78443
84317
47626
5918
77879
42666
86346
87864
71335
77449
77092
84404
76028
21955
69741
41068
75577
83441
70814
73777
56560
3027
72069
79714
21789
77473
83675
59850
90209
83475
87989
79897
89614
24102
84357
80690
88596
67301
87518
72156
31287
49948
63334
87891
89634
78636
80394
46516
19208
11631
87532
71280
82671
89555
64029
39320
71881
31156
80406
61436
80422
78907
77775
82176
45193
78663
73625
45822
69805
61330
12227
82157
68619
62228
54938
34059
86242
86809
89196
86989
90164
29819
65933
71529
76322
89890
85504
43744
88167
63262
68194
73621
49937
25389
72798
51828
83871
84019
77876
42350
89246
63033
80356
39353
67065
73102
86252
69507
89861
6236
14273
88691
71835
83620
84722
17497
2191
60302
23356
80425
87127
45711
46939
50639
85589
21064
63873
68878
12404
74991
90025
51654
78642
71618
63399
68114
82834
77132
57458
16934
76469
48930
89508
78256
84509
80015
62789
87336
64512
27196
61154
41040
80298
79211
84432
80531
62375
74682
42928
84780
77691
9149
59503
21843
50662
70271
9740
1084
81307
72930
43247
44083
84444
57761
84376
88074
79353
84339
28661
28632
16880
47019
87872
81366
58201
37216
38659
24130
59338
75482
76889
67551
44492
75180
56776
9170
24414
76679
88024
18030
83990
84696
72180
35066
75456
86155
53372
82436
74927
62923
34082
1682
25494
8550
81103
74664
89719
62456
82842
19735
70145
35118
29768
85392
67329
75353
83077
89762
81870
74218
80449
66226
47372
63855
70166
69860
84270
30134
86372
50547
48331
83061
87429
58996
37616
47904
75880
70894
87393
30186
81478
86911
67855
76429
87231
52750
80297
87652
36746
49710
60776
49954
86531
60625
89147
79708
59018
38974
74602
19416
73179
58615
55895
74157
80072
49688
53570
87835
81706
63884
29810
81979
82708
65808
83440
55048
47014
18212
80612
74192
64538
69830
64733
84226
2599
84645
79332
83325
87602
59325
37183
59290
85022
11237
61160
85588
86794
38782
57577
32724
63405
88548
70729
41705
43532
66024
61629
28191
53350
6913
84431
81432
86530
64454
81198
68840
79130
37301
53851
74278
44842
61943
44293
71913
69092
59946
18063
80827
4913
58739
85232
31553
67651
57036
87388
71405
75443
60950
89291
72254
65425
79314
87319
49479
77807
89856
77940
55465
50972
62632
62799
83038
90063
43428
68924
58977
22254
5791
12340
44142
8007
86967
77337
90241
66512
71235
80868
84538
89749
85229
78346
30112
72419
72979
56836
74376
813
89816
65046
45804
79810
65562
55236
79091
80463
74653
35622
88571
84005
28716
24317
49486
63948
11519
80095
21077
49197
89445
36973
22371
62670
76992
52284
77990
86103
70109
920
61809
63343
87211
75227
28579
85533
30455
88442
77443
72572
12983
79129
83853
79679
84000
14487
62224
78593
9095
11510
90173
85130
8485
89594
75553
87026
88589
87833
15673
68100
75879
81079
75098
68847
4846
79552
21248
75975
48983
46336
56573
75221
84741
63315
53512
78739
9752
89457
84635
82527
72678
60144
67248
6699
86732
77060
45533
86465
47990
69303
39466
58618
69449
49223
69355
88929
87945
62015
85858
36872
89837
81350
81290
85686
81959
85246
66692
78130
78807
84571
3931
73294
86810
56362
72475
420
53904
66688
68110
35769
81766
56993
75375
38492
64938
73144
42650
72270
8196
27789
86318
12961
41913
78812
79680
76256
80308
13141
79366
86570
35614
9746
74375
83797
86571
48866
6531
69292
39086
44749
86055
61033
81153
78837
81948
75411
61470
7475
62568
84318
46288
83397
88316
1259
85353
74832
74290
68890
78861
82463
59329
40215
77454
56943
87119
77490
75996
67156
87690
44518
36074
74670
74963
9196
86321
53120
72281
79293
20069
85461
40902
52884
65678
65610
11698
60058
83970
87258
84684
53257
70059
73935
84285
8658
83467
27842
29463
25519
66270
78474
24735
72769
48024
2873
12194
70971
60318
56553
75984
80676
87773
58501
40241
23508
84305
41358
41568
84489
34569
37333
86250
58855
88780
17374
84134
73954
88470
45118
47902
28312
18368
86486
41869
85009
76503
49296
35519
74007
89241
77915
31125
