100
1 1
1 2
1 3
2 1
2 2
2 3
3 1
3 2
3 3
4 1
4 2
4 3
4 4
5 1
5 2
5 3
5 4
6 1
6 2
6 3
6 4
6 5
6 6
7 1
7 2
7 3
7 4
7 5
7 6
7 7
8 1
8 2
8 3
8 4
8 5
8 6
8 7
8 8
9 1
9 2
9 3
9 4
9 5
9 6
9 7
9 8
9 9
10 1
10 2
10 3
10 4
10 5
10 6
10 7
10 8
10 9
10 10
12 4
12 10
100 10
100 24
100 32
100 64
100 80
100 1000000
1234 2
1232 4
1234 234
123456 234
30000 30000
10000 10000
1000 100
1000 200
1000 300
1000 400
1000 500
1000 1000
10000 1000
10000 64
10000 128
10000 100
10000 500
10000 128
10000 127
10000 4
50000 10000
12345 123
4324234 8
10000 12
10000 8
10000 10
100000 10
1000000 10
1000000 12
1000000 24
10000 10000
10000000 50
500000000 2
900000 10
5000000 100
