100
33
1 2 2 2 2 1 7 8 7 10 11 12 13 13 13 13 12 18 19 18 21 16 23 24 24 24 24 23 29 30 29 32
1 2 3 2 2 1 7 7 7 10 8 12 13 14 13 13 12 18 18 18 21 13 23 24 25 24 24 23 29 29 29 32
33
1 2 2 2 2 1 7 8 7 10 2 12 13 13 13 13 12 18 19 18 21 14 23 24 24 24 24 23 29 30 29 32
1 2 3 2 2 1 7 7 7 10 5 12 13 14 13 13 12 18 18 18 21 11 23 24 25 24 24 23 29 29 29 32
33
1 2 2 2 2 1 7 8 7 10 4 12 13 13 13 13 12 18 19 18 21 12 23 24 24 24 24 23 29 30 29 32
1 2 3 2 2 1 7 7 7 10 8 12 13 14 13 13 12 18 18 18 21 3 23 24 25 24 24 23 29 29 29 32
95
1 1 2 3 1 4 7 1 5 1 6 12 1 3 5 7 10 8 17 10 17 14 21 9 6 17 3 23 24 25 4 30 29 13 1 19 17 9 18 23 4 15 30 32 37 32 45 47 46 10 29 51 53 54 54 54 53 56 58 54 59 62 60 61 7 66 66 67 66 66 67 72 70 71 72 70 74 77 75 74 75 2 83 84 85 84 86 83 84 90 90 84 88 85
1 1 2 3 1 4 7 1 5 1 6 12 1 3 5 7 10 8 17 10 17 14 21 9 6 17 3 23 24 25 4 30 29 13 1 19 17 9 18 23 4 15 30 32 37 32 45 47 46 10 29 51 53 54 55 54 56 53 54 60 60 54 58 55 61 66 66 67 66 66 67 72 70 71 72 70 74 77 75 74 75 66 83 84 84 84 83 86 88 84 89 92 90 91
77
1 2 2 4 2 5 4 3 3 7 11 11 13 13 12 11 17 18 11 11 13 13 11 14 25 20 22 14 14 22 13 22 11 32 27 33 25 33 12 36 37 27 42 34 42 15 14 39 35 28 29 52 53 53 55 53 56 55 56 56 54 56 61 54 63 56 61 62 56 64 58 69 66 70 56 62
1 1 3 1 4 3 2 2 4 6 11 12 12 14 12 15 14 15 15 13 15 20 13 22 15 20 21 15 23 17 28 25 29 15 21 25 37 37 39 39 38 37 43 44 37 37 39 39 37 40 51 46 48 40 40 48 39 48 37 58 53 59 51 59 38 62 63 53 68 60 68 41 40 65 61 54
42
1 1 3 1 2 4 5 3 2 1 9 5 7 6 15 2 5 15 11 1 13 21 9 2 10 1 19 25 8 23 11 31 33 34 1 36 37 38 37 39 40
1 2 3 4 5 6 5 7 8 3 11 11 13 11 12 14 15 13 12 11 19 15 17 16 25 12 15 25 21 11 23 31 19 12 20 11 29 35 18 33 21
53
1 2 1 1 2 6 6 8 9 8 9 11 13 13 14 16 14 10 6 15 11 8 20 16 20 22 17 9 21 22 7 26 12 24 35 35 35 37 37 38 36 11 43 44 43 43 44 46 49 48 47 49
1 1 1 3 3 4 2 3 9 10 9 9 5 14 14 16 17 16 17 19 21 21 22 24 22 18 14 23 19 16 28 24 28 30 25 17 29 30 15 34 20 41 43 44 43 43 44 46 49 48 47 49
10
1 2 2 2 2 5 6 3 6
1 2 2 2 2 5 6 4 8
93
1 1 1 2 2 4 2 6 1 4 3 9 11 2 1 10 17 18 18 19 21 20 5 24 24 26 24 26 27 28 27 29 33 29 27 28 25 25 24 26 37 35 25 42 40 36 40 35 41 25 49 52 49 24 47 28 49 27 46 36 24 49 38 53 39 64 64 33 39 68 49 26 44 25 64 76 40 29 67 27 42 61 52 40 83 25 37 43 84 62 31 40
1 1 1 2 2 4 2 6 1 4 3 9 11 2 1 3 17 17 19 17 19 20 21 20 22 26 22 20 21 18 18 17 19 30 28 18 35 33 29 33 28 34 18 42 45 42 17 40 21 42 20 39 29 17 42 31 46 32 57 57 26 32 61 42 19 37 18 57 69 33 22 60 20 35 54 45 33 76 18 30 36 77 55 24 33 31 87 88 88 89 91 90
7
1 2 3 4 5 6
1 1 2 4 2 6
80
1 2 3 2 5 2 5 3 7 2 5 8 3 8 15 8 2 10 15 8 2 20 2 13 20 24 20 4 7 15 10 5 10 11 26 22 12 13 19 25 8 11 27 17 43 32 27 25 36 14 36 45 27 31 31 10 9 50 6 53 27 30 25 23 40 57 30 47 35 47 21 50 8 62 31 22 77 77 78
1 1 2 2 5 6 5 8 5 8 6 10 5 8 11 6 11 18 11 5 13 18 11 5 23 5 16 23 27 23 7 10 18 13 8 13 14 29 25 15 16 22 28 11 14 30 20 46 35 30 28 39 17 39 48 30 34 34 13 12 53 9 56 30 33 28 26 43 60 33 50 38 50 24 53 11 65 34 5
85
1 1 3 3 2 4 4 4 9 5 10 4 13 7 4 12 3 10 13 18 7 21 5 15 14 25 27 2 1 9 10 25 12 29 27 20 29 1 17 4 20 33 10 18 26 15 47 48 48 48 51 48 48 53 48 53 51 50 50 52 48 54 48 63 54 63 51 55 53 51 51 69 70 66 51 70 9 78 79 78 81 81 83 84
1 1 3 3 2 4 4 4 9 5 10 4 13 7 4 12 3 10 13 18 7 21 5 15 14 25 27 2 1 9 10 25 12 29 27 20 29 1 17 4 20 33 10 18 26 8 47 48 47 50 50 52 53 50 55 56 56 56 59 56 56 61 56 61 59 58 58 60 56 62 56 71 62 71 59 63 61 59 59 77 78 74 59 78
90
1 1 1 2 1 2 5 8 7 9 7 5 7 8 15 16 16 18 16 20 16 21 19 21 21 25 23 22 29 30 22 30 15 33 34 21 31 33 21 38 35 40 29 23 15 41 20 19 21 50 50 52 51 54 50 50 57 58 57 53 59 60 50 54 52 58 64 60 55 68 63 63 69 67 55 64 76 60 64 66 76 56 60 70 64 59 84 61 50
1 1 1 2 1 2 5 8 7 9 7 5 7 11 15 15 17 16 19 15 15 22 23 22 18 24 25 15 19 17 23 29 25 20 33 28 28 34 32 20 29 41 25 29 31 41 21 25 35 29 24 49 26 15 26 56 57 57 59 57 61 57 62 60 62 62 66 64 63 70 71 63 71 56 74 75 62 72 74 62 79 76 81 70 64 56 82 61 60
5
1 1 3 3
1 2 1 4
77
1 2 1 3 3 1 5 6 7 1 7 2 10 8 14 15 4 3 1 18 9 8 6 1 10 6 20 17 7 13 30 16 30 28 34 2 20 38 39 39 39 40 37 44 44 46 44 44 47 46 51 44 52 52 44 55 57 47 48 57 49 50 62 52 51 59 52 68 47 54 54 69 61 49 69 48
1 2 2 2 3 5 1 8 8 10 8 8 11 10 15 8 16 16 8 19 21 11 12 21 13 14 26 16 15 23 16 32 11 18 18 33 25 13 33 9 41 42 41 43 43 41 45 46 47 41 47 42 50 48 54 55 44 43 41 58 49 48 46 41 50 46 60 57 47 53 70 56 70 68 74 42
22
1 2 2 2 5 1 1 7 1 6 11 11 12 12 11 16 11 5 19 20 21
1 1 2 2 1 6 1 1 9 10 11 6 13 14 14 14 17 13 13 19 13
18
1 2 2 2 1 3 3 2 6 1 7 12 12 13 14 12 13
1 2 2 2 1 3 3 2 6 10 7 12 12 13 14 12 13
19
1 2 3 3 5 6 6 8 7 6 10 4 13 14 14 14 17 18
1 1 1 4 3 6 6 8 9 9 11 10 9 13 7 8 17 18
39
1 1 2 4 1 6 6 7 7 8 11 12 9 13 9 13 12 17 7 19 10 6 7 7 23 16 27 27 27 27 27 27 32 30 31 36 32 27
1 1 2 2 5 5 6 6 7 10 11 8 12 8 12 11 16 6 18 9 5 6 6 22 5 5 27 27 27 27 27 27 32 30 31 36 32 27
70
1 2 2 3 2 1 1 5 4 7 8 12 5 14 6 8 14 14 13 16 8 4 17 13 10 3 27 28 28 27 29 29 30 31 29 27 29 33 39 40 40 42 10 44 45 45 44 48 44 49 44 47 51 47 51 54 52 49 45 56 58 59 55 59 53 54 62 67 51
1 2 2 1 5 1 6 1 4 8 4 8 11 9 6 2 13 15 16 12 16 10 11 19 24 8 27 28 29 29 28 30 30 31 32 30 28 30 34 40 41 41 43 1 45 46 46 47 46 45 45 49 48 51 52 56 49 58 50 52 58 58 57 60 52 48 61 57 54
13
1 2 3 4 5 5 1 8 8 8 8 12
1 1 3 4 5 6 1 8 8 8 5 12
52
1 2 2 3 1 5 2 6 6 5 4 12 7 5 5 1 6 9 4 13 14 9 20 24 24 25 23 28 28 29 29 32 29 34 19 36 36 37 39 39 37 37 39 38 45 42 45 43 39 41 36
1 1 2 2 5 2 7 4 9 9 10 12 12 10 10 12 11 18 15 18 16 12 14 9 24 26 27 27 28 26 30 27 31 31 30 29 37 32 30 30 26 31 34 29 38 39 34 35 49 49 50
89
1 2 3 4 5 5 7 7 6 10 9 6 9 7 10 8 4 10 3 16 18 8 23 23 24 24 24 26 26 29 29 23 29 23 30 27 35 38 34 38 34 25 32 39 34 29 24 34 44 44 25 23 26 45 40 26 57 57 57 58 61 62 63 57 63 59 65 68 57 66 69 69 62 66 60 68 57 76 58 66 62 67 65 44 85 85 86 85
1 1 2 1 3 6 7 8 9 10 10 12 12 11 15 14 11 14 12 15 13 9 15 8 21 23 2 28 28 28 29 32 33 34 28 34 30 36 39 28 37 40 40 33 37 31 39 28 47 29 37 33 38 36 19 56 56 57 57 57 59 59 62 62 56 62 56 63 60 68 71 67 71 67 58 65 72 67 62 57 67 77 77 58 56 59 78 73
20
1 2 1 3 5 6 6 8 7 5 10 5 10 9 8 16 16 17 16
1 2 2 3 5 6 7 7 9 8 6 11 6 11 10 5 17 18 17
21
1 1 3 3 2 5 1 1 2 7 4 3 10 14 15 15 17 16 14 20
1 1 3 3 2 5 1 1 2 7 4 7 8 14 15 15 17 16 14 20
42
1 1 2 4 3 1 6 2 8 10 11 11 12 14 14 15 13 12 13 16 10 15 23 24 24 25 25 27 22 30 30 31 30 32 34 33 34 35 38 30 30
1 2 2 3 3 5 2 8 9 9 10 12 12 13 11 10 11 14 8 20 21 21 22 24 23 21 26 22 28 30 30 31 30 32 34 33 34 35 38 30 30
75
1 1 1 1 5 5 7 3 7 9 8 3 2 8 5 10 11 11 6 2 6 22 13 22 16 23 15 4 15 28 14 4 33 34 33 34 37 38 33 37 35 39 43 43 44 46 45 44 48 45 51 43 52 51 49 56 44 45 53 60 44 33 63 64 65 63 66 66 64 68 65 67 72 64
1 2 1 2 5 6 1 5 3 4 11 11 12 14 13 12 16 13 19 11 20 19 17 24 12 13 21 28 12 3 31 32 33 31 34 34 32 36 33 35 40 32 13 44 44 44 44 48 48 50 46 50 52 51 46 45 51 48 53 54 54 49 45 49 65 56 65 59 66 58 47 58 71 57
97
1 2 3 2 1 2 7 3 9 1 3 8 1 7 2 5 14 12 13 1 21 22 21 6 25 26 27 25 28 25 28 27 33 28 27 31 28 26 35 28 38 26 26 32 33 28 42 48 31 39 35 26 33 54 37 37 51 50 33 54 51 29 31 37 46 57 38 32 43 62 32 30 33 61 31 61 43 43 59 78 42 30 66 37 29 69 69 52 88 47 80 82 54 88 27 74
1 2 3 1 4 1 4 3 9 4 3 7 4 2 11 4 14 2 2 8 9 4 18 24 7 15 11 2 9 30 13 13 27 26 9 30 27 5 7 13 22 33 14 8 19 38 8 6 9 37 7 37 19 19 35 54 18 6 42 13 5 45 45 28 64 23 56 58 30 64 3 50 3 74 75 76 75 74 75 80 76 82 74 76 81 74 80 75 78 87 85 86 15 94 95 94
32
1 2 1 2 5 3 3 6 7 10 10 12 2 14 14 15 17 17 18 19 15 22 19 16 22 18 25 26 18 25 31
1 1 2 4 4 5 6 2 9 6 3 9 5 12 13 5 12 18 2 20 21 20 21 24 22 22 25 26 29 29 29
44
1 2 2 4 5 6 7 7 8 8 8 12 10 11 8 12 16 16 6 19 12 22 6 21 20 13 14 8 6 28 6 21 33 33 33 33 37 34 33 37 34 36 33
1 2 3 4 2 6 7 7 8 8 8 12 10 11 8 12 16 16 6 19 12 22 6 21 20 13 14 8 6 28 6 2 33 33 33 33 37 34 33 37 34 36 33
92
1 2 1 2 1 2 2 3 9 5 2 10 3 13 9 16 16 18 18 18 19 18 18 21 16 22 24 17 26 29 18 30 27 20 31 33 35 21 22 23 20 23 32 37 36 16 26 21 36 50 31 46 27 23 38 43 31 37 27 21 39 53 23 61 33 20 26 47 47 42 34 51 29 24 34 51 69 22 78 66 63 52 65 16 49 42 59 17 44 38 20
1 1 3 3 3 4 3 3 6 1 7 9 2 11 14 3 15 12 5 16 18 20 6 7 8 5 8 17 22 21 1 11 6 21 35 16 31 12 8 23 28 16 22 12 6 24 38 8 46 18 5 11 32 32 27 19 36 14 9 19 36 54 7 63 51 48 37 50 1 34 27 44 2 29 23 5 31 78 79 78 79 78 79 79 80 86 82 79 87 80 43
36
1 2 2 1 3 5 7 8 9 9 10 8 12 14 15 14 17 18 18 17 20 20 15 20 15 19 26 20 25 30 30 30 33 32 34
1 1 1 4 3 5 4 8 9 10 10 11 9 9 15 16 15 18 19 19 18 21 21 16 21 16 20 27 21 29 31 32 32 31 33
10
1 1 1 2 5 4 6 8 8
1 2 3 3 1 6 6 6 4
51
1 1 1 4 2 2 7 8 3 6 3 7 4 7 1 12 1 18 18 20 18 18 20 22 20 26 27 18 19 23 30 32 29 21 27 36 37 37 36 36 41 40 43 42 12 46 46 47 48 46
1 1 1 4 2 2 7 8 3 6 3 7 4 7 1 12 8 18 19 19 18 18 23 22 25 24 17 28 28 29 30 28 17 34 34 36 34 34 36 38 36 42 43 34 35 39 46 48 45 37
55
1 1 2 4 1 2 3 4 1 5 7 3 5 4 7 15 17 14 7 14 4 21 9 24 21 14 5 14 27 16 31 31 33 31 35 32 35 38 38 40 41 39 36 36 44 38 35 5 49 49 49 52 52 51
1 1 2 4 1 2 3 4 1 5 7 3 5 4 7 15 17 14 7 14 4 21 9 24 21 14 5 14 27 7 31 31 33 31 35 32 35 38 38 40 41 39 36 36 44 38 35 42 49 49 49 52 52 51
12
1 2 3 1 5 6 6 7 9 2 11
1 1 3 2 5 6 6 7 9 1 11
22
1 1 2 4 5 6 6 2 8 3 8 12 13 14 14 11 17 18 18 8 21
1 1 3 4 5 5 4 8 9 9 7 12 12 13 15 16 17 17 13 19 14
24
1 2 1 1 1 2 3 3 8 6 5 7 6 14 14 15 14 18 19 20 20 20 21
1 1 2 1 1 6 7 7 7 8 10 12 13 12 12 12 13 14 14 19 17 16 18
12
1 2 1 1 4 3 7 7 8 3 11
1 1 2 1 5 4 7 8 7 7 2
25
1 2 1 3 4 4 7 7 9 8 7 10 13 8 13 10 17 17 19 17 19 17 21 22
1 2 1 3 4 5 7 7 9 7 9 7 11 12 8 16 16 18 17 16 19 22 17 22
24
1 2 1 1 4 6 5 2 2 4 3 11 13 13 14 15 13 13 16 16 11 22 22
1 2 1 1 4 6 5 2 2 4 3 8 13 13 14 15 13 13 16 16 2 22 22
9
1 1 1 4 5 6 6 2
1 1 3 3 1 6 6 7
43
1 2 2 4 4 6 5 7 6 7 6 6 10 13 7 9 12 16 10 4 4 10 5 21 12 26 21 8 29 22 16 21 26 3 35 36 36 37 37 35 41 30
1 2 2 4 4 6 5 7 6 7 6 6 10 13 7 9 12 16 10 4 4 10 5 21 12 26 21 8 29 22 16 21 26 30 23 36 37 37 38 38 36 42
95
1 1 1 3 4 4 3 5 4 2 6 5 12 6 2 8 17 16 2 2 2 17 10 15 15 21 27 27 28 29 31 28 31 28 34 28 28 35 27 38 30 31 34 29 42 34 29 28 37 43 31 51 35 44 33 46 29 43 52 56 52 61 32 19 65 66 65 65 65 67 71 71 70 71 75 75 65 76 70 70 67 74 69 75 74 79 79 69 70 81 77 72 71 76
1 2 1 1 1 3 7 7 6 7 11 11 1 12 6 6 3 10 5 11 10 15 15 5 6 17 13 8 7 12 17 32 32 33 34 36 33 36 33 39 33 33 40 32 43 35 36 39 34 47 39 34 33 42 48 36 56 40 49 38 51 34 48 57 61 57 66 37 46 70 70 70 72 73 73 72 74 73 71 75 74 81 75 71 77 86 85 71 71 71 86 79 84 84
31
1 1 2 4 4 3 2 7 1 5 6 2 6 3 15 16 17 18 17 20 19 21 19 24 25 20 12 28 28 28
1 2 1 4 3 5 3 8 9 4 1 12 12 13 15 15 14 13 18 12 16 17 13 17 10 26 26 26 21 30
31
1 2 2 4 4 5 7 3 8 5 4 3 7 4 2 7 5 7 8 6 3 11 16 17 20 1 27 27 28 29
1 2 2 3 4 5 7 8 8 10 10 11 13 9 14 11 10 9 13 10 8 13 11 13 14 12 9 17 22 23
54
1 1 3 2 5 2 7 8 8 9 7 7 7 8 8 15 13 16 9 9 15 22 18 12 11 19 21 15 23 29 15 21 18 10 21 32 25 25 26 16 11 8 27 36 10 46 22 34 38 18 26 32 53
1 2 2 3 1 1 1 2 2 9 7 10 3 3 9 16 12 6 5 13 15 9 17 23 9 15 12 4 15 26 19 19 20 10 5 2 21 30 4 40 16 28 32 12 20 20 47 47 49 48 51 47 53
97
1 1 3 4 4 6 1 3 2 10 1 10 13 14 13 13 15 18 13 16 15 15 14 14 2 26 27 26 26 26 28 29 33 34 33 34 31 32 27 40 37 32 37 28 31 15 47 47 48 47 47 52 48 50 50 56 51 53 53 54 50 47 51 49 57 57 67 63 56 48 54 59 50 49 63 62 74 51 69 49 57 58 74 80 69 68 59 85 81 55 71 68 55 83 72 82
1 1 2 1 1 6 2 4 4 10 5 7 7 8 4 1 5 3 11 11 21 17 10 2 8 13 4 3 17 16 28 5 23 3 11 12 28 34 23 22 13 39 35 9 25 22 9 37 26 36 23 52 53 52 52 52 54 55 59 60 59 60 57 58 53 66 63 58 63 54 57 64 73 74 73 73 75 78 73 76 75 75 74 74 44 86 86 88 89 89 91 86 88 87 95 86
29
1 2 3 4 2 3 3 4 5 10 3 10 7 5 13 6 13 3 14 10 17 15 10 1 25 25 27 25
1 2 3 4 2 3 3 4 5 10 3 10 7 5 13 6 13 3 14 10 17 15 10 19 25 25 27 25
5
1 2 3 4
1 2 1 3
4
1 2 3
1 1 1
61
1 2 3 4 4 5 6 6 6 9 6 8 10 7 11 9 14 9 18 13 8 10 23 17 9 15 23 19 9 5 12 9 10 34 34 36 36 35 34 38 41 35 43 41 39 36 37 45 40 35 46 41 50 48 46 51 48 42 43 46
1 1 3 3 2 1 5 8 2 10 8 6 3 4 12 7 2 13 8 17 15 13 18 15 9 10 13 25 29 29 30 31 31 31 34 31 33 35 32 36 34 39 34 43 38 33 35 48 42 34 40 48 44 34 30 37 34 19 59 60
86
1 2 2 1 5 5 4 1 3 1 3 9 1 12 3 12 11 18 16 19 20 11 2 17 12 26 26 28 27 27 30 26 26 28 35 35 37 36 38 36 35 35 42 44 17 46 46 47 49 49 50 46 47 49 52 48 57 52 50 56 53 51 48 53 61 47 59 47 54 51 57 61 58 59 53 46 46 78 53 62 61 66 65 77 51
1 2 2 1 5 5 4 1 3 1 3 9 1 12 3 12 11 18 16 19 20 11 2 17 5 26 26 27 29 29 30 26 27 29 32 28 37 32 30 36 33 31 28 33 41 27 39 27 34 31 37 41 38 39 33 26 26 58 33 42 41 46 45 57 31 47 67 67 69 68 68 71 67 67 54 76 76 78 77 79 77 76 76 83 85
69
1 1 2 3 2 2 7 5 6 10 5 9 5 14 14 14 14 16 15 20 19 22 23 24 25 24 27 26 23 28 23 27 24 28 31 24 30 29 30 37 32 30 33 36 42 26 43 34 40 27 27 32 18 54 54 55 54 57 58 60 59 54 61 59 56 60 56 63
1 2 3 2 5 4 1 6 1 5 2 6 9 2 8 7 8 15 10 8 11 14 20 4 21 12 18 5 5 10 29 32 32 33 34 33 33 38 36 37 41 36 40 18 45 45 46 45 48 49 51 50 45 52 50 47 51 47 54 18 61 61 61 61 63 62 67 66
66
1 2 2 2 2 4 6 2 9 8 3 10 8 4 8 15 7 13 18 13 4 18 12 23 6 3 8 25 28 29 12 31 11 4 33 21 37 37 39 40 37 42 41 44 44 44 40 42 39 49 45 37 39 50 44 40 55 49 52 41 60 60 42 63 58
1 1 1 1 3 5 1 8 7 2 9 7 3 7 14 6 12 17 12 3 17 11 22 5 2 7 24 27 28 11 30 10 3 32 35 23 37 37 39 40 37 42 41 44 44 44 40 42 39 49 45 37 39 50 44 40 55 49 52 41 60 60 42 63 58
49
1 1 3 2 3 2 1 1 7 9 11 4 7 4 12 12 11 1 19 19 6 14 22 22 25 26 4 28 29 30 29 28 32 31 32 29 32 35 28 37 35 35 37 8 45 45 47 46
1 2 3 4 4 6 5 2 9 10 11 10 9 13 12 13 10 13 16 9 18 16 16 18 15 26 26 28 27 28 27 26 26 32 34 36 29 32 29 37 37 36 26 44 44 31 39 47
43
1 1 1 2 5 6 7 7 7 10 5 12 8 10 7 8 6 18 13 7 15 7 22 5 23 20 27 27 28 30 28 32 32 32 35 33 37 36 34 35 40 41
1 2 3 3 3 6 1 8 4 6 3 4 2 14 9 3 11 3 18 1 19 11 23 23 24 26 21 28 28 28 31 29 33 32 30 31 36 37 28 40 40 40
75
1 2 3 2 1 1 3 5 1 4 4 6 13 14 14 15 14 17 15 16 19 17 18 23 23 23 24 14 13 14 22 32 25 26 34 29 27 20 25 13 27 23 42 20 42 39 47 20 43 33 36 39 51 15 38 21 57 58 59 57 57 57 61 58 57 59 60 62 57 68 57 63 59 69
1 2 3 1 1 1 5 2 1 3 4 6 1 12 1 7 3 13 14 20 21 21 22 21 24 22 23 26 24 25 30 30 30 31 21 20 21 29 39 32 33 41 36 34 27 32 20 34 30 49 27 49 46 54 27 50 40 43 46 58 22 45 1 64 65 66 65 64 64 66 68 64 67 67
12
1 1 3 1 5 5 5 6 6 10 8
1 1 3 3 3 4 4 8 6 6 11
62
1 1 3 2 3 4 1 8 5 10 11 6 11 9 5 4 11 7 3 6 19 1 23 24 23 25 24 16 29 29 31 31 33 30 35 35 30 30 38 35 32 42 36 36 32 36 35 46 30 44 44 32 53 54 38 39 31 36 33 29 48
1 1 3 3 5 2 7 7 2 2 10 7 4 14 8 8 4 8 7 18 2 16 16 4 25 26 10 11 3 8 5 1 20 24 35 36 35 37 36 26 25 42 42 44 43 44 45 42 49 46 51 52 47 52 50 46 45 52 48 44 47
96
1 2 1 4 2 6 6 6 5 7 9 6 3 11 2 5 1 18 18 18 19 20 19 18 21 22 18 22 28 30 25 32 29 27 21 28 18 23 34 31 41 35 21 34 40 36 45 32 38 23 36 51 51 48 40 44 29 56 55 19 47 27 36 26 59 39 57 68 69 69 69 68 68 68 75 70 74 72 74 72 78 73 70 75 71 81 84 83 68 69 69 81 81 84 87
1 1 1 2 3 2 1 4 5 1 5 11 13 8 15 12 10 4 11 1 6 17 14 24 18 4 17 23 19 28 15 21 6 19 34 34 31 23 27 12 39 38 2 30 10 19 9 42 22 6 51 52 51 54 52 56 56 56 55 57 59 56 53 61 52 55 41 68 69 69 69 68 68 68 75 70 74 72 74 72 78 73 70 75 71 81 84 83 68 69 69 81 81 84 87
94
1 1 2 2 3 2 2 8 8 8 8 8 8 12 12 14 9 12 8 15 17 13 18 13 19 24 13 12 24 10 28 16 19 30 23 16 37 37 37 38 37 42 43 42 45 39 39 41 42 43 51 52 41 42 48 38 51 57 40 56 57 53 45 45 39 38 53 38 43 68 51 61 70 68 52 44 66 76 75 60 68 46 78 42 60 79 87 88 87 89 91 90 92
1 1 2 2 3 2 7 8 8 8 8 8 8 12 12 14 9 12 8 15 17 13 18 13 19 24 13 12 24 10 28 16 19 30 23 4 37 37 37 38 37 42 43 42 45 39 39 41 42 43 51 52 41 42 48 38 51 57 40 56 57 53 45 45 39 38 53 38 43 68 51 61 70 68 52 44 66 76 75 60 68 46 78 42 60 85 87 88 87 89 91 90 92
43
1 2 2 4 4 4 4 4 8 6 10 4 8 13 8 16 17 18 18 16 21 20 21 24 19 24 19 2 29 29 30 30 32 29 31 31 36 33 30 37 32 33
1 1 1 1 1 5 3 7 1 5 10 2 13 14 11 16 16 17 17 19 16 18 18 23 20 17 24 19 20 25 31 32 33 33 31 36 35 36 39 34 39 34
99
1 2 3 4 2 3 6 5 7 10 9 5 8 2 9 5 13 11 17 17 8 4 23 12 14 22 8 23 20 29 21 9 33 20 15 1 1 20 6 4 21 11 13 14 37 39 7 12 6 11 36 17 9 54 55 55 57 58 59 60 35 62 62 62 63 66 63 66 64 29 71 72 72 72 73 75 76 76 75 80 79 78 81 72 83 78 74 86 79 81 76 80 85 86 74 72 96 95
1 2 2 2 3 5 6 6 5 10 9 8 11 2 13 8 4 16 9 11 6 10 15 16 4 2 26 25 20 30 30 30 31 34 31 34 32 19 39 40 40 42 43 44 45 15 47 48 49 50 48 49 52 51 53 56 55 51 54 48 55 51 59 57 63 63 54 50 69 58 60 68 54 69 66 75 67 55 79 66 61 47 47 66 52 50 67 57 59 60 83 85 53 58 52 57 82 63
33
1 1 1 1 5 5 6 6 9 9 11 9 7 10 5 13 6 17 19 19 19 20 21 22 25 26 20 24 20 20 29 23
1 1 1 4 5 5 6 6 9 9 11 9 7 10 5 13 6 2 19 19 19 20 21 22 25 26 20 24 20 20 29 23
58
1 2 1 3 5 5 7 6 7 2 11 11 13 14 12 13 13 15 17 18 12 17 17 22 20 17 17 17 23 14 11 28 13 25 17 22 16 14 37 22 32 30 33 27 33 36 39 21 48 28 44 17 17 20 28 20 44
1 1 3 2 3 3 7 8 7 4 11 11 13 14 12 13 13 15 17 18 12 17 17 22 20 17 17 17 23 14 11 28 13 25 17 22 16 14 37 22 32 30 33 27 33 36 39 21 48 28 44 17 17 20 28 20 44
75
1 1 2 4 2 1 5 4 2 8 5 6 13 11 15 9 8 18 5 5 11 17 13 21 4 26 26 27 27 27 31 29 28 31 27 30 28 33 33 27 30 38 38 28 35 30 35 45 27 27 46 33 41 51 31 34 39 35 54 37 35 32 57 53 42 38 20 68 69 70 68 71 34 74
1 1 2 4 2 1 5 4 2 8 5 6 13 11 15 9 8 18 5 5 11 17 13 21 19 26 17 28 29 30 28 31 6 34 34 35 35 35 39 37 36 39 35 38 36 41 41 35 38 46 46 36 43 38 43 53 35 35 54 41 49 59 39 42 47 43 62 45 43 40 65 61 50 46
6
1 1 3 3 5
1 2 3 1 5
73
1 2 2 3 1 2 7 7 2 3 4 1 5 14 5 7 6 16 19 20 20 21 23 23 19 26 23 28 20 22 14 32 32 34 34 35 36 34 32 38 41 38 36 41 42 46 35 33 37 46 50 49 53 36 42 38 52 36 32 46 9 62 63 64 63 66 63 66 62 66 66 65
1 2 2 3 1 2 7 7 2 3 4 1 5 14 5 7 6 5 19 20 20 21 23 23 19 26 23 28 20 22 30 32 33 34 33 36 33 36 32 36 36 35 33 44 44 46 46 47 48 46 44 50 53 50 48 53 54 58 47 45 49 58 62 61 65 48 54 50 64 48 44 58
75
1 1 2 3 1 6 1 4 2 1 4 3 3 11 11 12 10 7 16 14 9 22 22 22 23 26 26 22 27 24 26 29 27 29 27 24 28 23 33 24 30 23 34 39 42 36 38 38 44 43 30 40 43 54 55 55 54 56 59 60 58 55 55 62 54 62 63 61 57 19 71 72 71 74
1 2 2 1 3 6 7 5 2 2 9 1 9 10 8 4 11 18 19 18 21 11 23 23 23 24 27 27 23 28 25 27 30 28 30 28 25 29 24 34 25 31 24 35 40 43 37 39 39 45 44 31 41 22 55 55 56 57 55 60 55 58 56 55 58 57 57 65 65 66 64 61 70 68
95
1 1 2 1 5 3 3 4 8 8 3 5 13 2 1 2 11 11 6 7 2 12 15 17 2 9 12 3 27 15 8 6 18 34 31 16 20 30 3 30 30 38 19 30 32 46 22 18 48 28 9 12 47 31 49 2 31 10 1 47 52 58 28 40 14 45 24 31 14 5 65 34 44 3 11 8 68 11 11 53 6 8 81 83 72 18 87 88 88 90 20 70 93 93
1 1 1 1 5 5 6 5 9 7 7 8 12 12 7 9 17 6 5 6 15 15 10 11 6 16 19 21 6 13 16 7 31 19 12 10 22 38 35 20 24 34 7 34 34 42 23 34 36 50 26 22 52 32 13 16 51 35 53 6 35 14 5 51 56 62 32 44 18 49 28 35 18 9 69 38 48 7 15 12 72 15 15 57 10 12 85 87 76 80 91 92 92 94
25
1 2 3 1 5 6 5 7 6 10 5 5 8 5 12 5 14 16 9 10 12 12 11 10
1 2 1 3 2 6 1 1 4 1 8 1 10 12 5 6 8 8 7 6 9 22 1 24
95
1 2 1 3 5 6 1 3 6 2 6 4 1 5 5 4 1 8 4 9 21 14 21 24 24 25 26 25 26 29 31 27 31 28 27 32 34 35 32 31 25 11 43 44 45 43 44 43 46 49 47 51 44 51 51 45 45 52 44 43 52 44 50 43 53 62 52 52 17 70 70 71 70 70 72 70 73 72 73 75 74 70 70 74 75 73 76 88 85 75 86 70 87 70
1 2 3 1 2 1 4 7 5 9 2 9 9 3 3 10 2 1 10 2 8 1 11 20 10 10 3 28 29 28 30 32 33 28 30 33 29 33 31 28 32 32 31 28 35 31 36 48 41 5 51 51 52 53 52 53 56 58 54 58 55 54 59 61 62 59 58 52 59 70 70 71 70 70 72 70 73 72 73 75 74 70 70 74 75 73 76 88 85 75 86 70 87 70
21
1 2 1 4 4 5 5 6 8 5 11 12 13 13 11 12 17 18 17 17
1 2 3 3 1 6 7 8 7 10 10 11 11 12 14 11 17 18 17 17
99
1 1 2 1 3 3 4 2 8 9 2 3 13 5 8 9 12 9 4 7 4 19 2 3 5 13 1 12 20 3 4 14 28 31 35 15 4 19 31 2 15 42 32 36 9 19 46 23 32 41 35 27 45 13 39 36 21 15 24 55 14 31 56 16 51 13 67 68 67 69 69 72 69 74 67 76 75 76 74 76 68 76 81 80 68 84 77 71 82 74 87 69 78 85 80 96 97 96
1 2 1 3 3 6 3 8 1 10 9 10 8 10 2 10 15 14 2 18 11 5 16 8 21 3 12 19 7 30 30 31 30 32 32 33 31 37 38 31 32 42 34 37 38 41 38 33 36 33 48 31 32 34 42 30 41 49 32 33 43 57 60 64 44 33 48 60 31 44 71 61 65 38 48 75 52 61 70 64 56 74 42 68 65 50 44 53 84 43 60 85 45 80 70 96 97 96
15
1 1 2 3 3 6 7 8 2 10 10 11 13 3
1 1 2 3 3 6 2 5 9 1 11 11 12 14
58
1 2 3 4 4 4 7 8 9 10 9 12 9 10 13 15 17 16 19 17 11 10 22 12 20 21 24 18 25 12 17 14 31 34 34 36 35 35 36 38 37 40 39 44 39 37 37 34 38 42 36 52 39 35 53 56 43
1 2 3 4 4 4 7 3 9 10 9 12 9 10 13 15 17 16 19 17 11 10 22 12 20 21 24 18 25 12 17 14 26 34 34 36 35 35 36 38 37 40 39 44 39 37 37 34 38 42 36 52 39 35 53 56 43
12
1 1 3 4 4 6 4 8 1 2 11
1 1 2 4 4 6 4 8 3 10 1
58
1 1 1 1 2 3 4 6 5 3 4 1 2 1 15 16 15 15 16 1 21 21 23 24 23 25 23 21 21 25 22 32 22 22 23 22 35 31 39 31 25 26 39 35 26 34 36 42 43 34 41 22 53 53 55 55 56
1 2 1 1 2 4 7 7 9 10 9 11 9 7 7 11 8 18 8 8 9 8 21 17 25 17 11 12 25 21 12 20 22 28 29 20 27 29 39 39 41 41 42 9 45 45 45 45 46 47 48 50 49 47 48 45 46
36
1 2 3 4 4 5 7 3 8 3 4 12 10 2 5 8 15 5 18 14 5 8 23 18 17 20 6 1 29 30 29 19 33 34 33
1 2 3 4 4 5 7 3 8 3 4 12 10 2 5 8 15 5 18 14 5 8 23 18 17 20 6 8 29 30 29 32 33 34 33
76
1 2 3 2 5 3 1 3 4 9 10 11 8 3 3 16 1 1 14 7 21 21 22 22 24 21 21 28 29 26 31 32 32 33 34 33 36 35 38 38 38 38 39 31 42 31 40 31 8 50 51 51 50 50 53 52 57 50 54 56 59 54 50 51 52 61 65 66 65 68 52 51 68 69 67
1 2 2 3 4 3 6 5 8 8 8 8 9 1 12 1 10 1 3 20 20 21 21 23 20 20 27 28 3 30 31 32 31 34 32 30 32 33 38 39 40 37 32 32 45 30 30 43 36 50 51 51 50 50 53 52 57 50 54 56 59 54 50 51 52 61 65 66 65 68 52 51 68 69 67
74
1 1 1 1 2 1 5 7 8 3 10 11 7 6 9 1 12 9 19 5 8 2 6 13 25 22 4 8 10 8 19 30 30 30 4 34 12 31 7 35 1 25 14 11 8 28 44 26 4 41 23 23 3 49 36 48 19 58 58 60 61 62 60 64 59 58 66 68 64 70 70 71 71
1 1 2 2 4 6 6 6 6 7 6 10 12 13 8 15 16 12 11 14 6 17 14 24 10 13 7 11 18 30 27 9 13 15 13 24 35 35 35 9 39 17 36 12 40 6 30 19 16 13 33 49 31 9 46 28 28 8 54 41 53 17 63 63 65 66 67 65 69 64 63 71 73
61
1 1 2 2 2 1 1 4 5 2 1 5 13 14 15 15 17 15 15 18 14 18 15 16 21 24 25 15 18 27 25 32 19 32 19 20 24 15 24 27 23 18 37 8 45 46 47 48 48 50 45 47 46 47 48 46 48 57 53 45
1 2 3 4 4 6 1 3 2 3 4 2 4 13 9 1 2 18 19 19 21 19 19 22 18 22 19 20 25 28 29 19 22 31 29 36 23 36 23 24 28 19 28 31 27 22 41 30 49 49 50 50 50 49 49 52 53 50 49 53
30
1 2 1 1 4 1 7 4 7 3 9 12 13 13 15 13 13 16 12 15 12 15 12 19 21 14 17 13 20
1 2 3 2 2 5 2 8 5 3 11 12 12 14 12 12 15 11 14 11 14 11 18 20 13 16 12 19 1
80
1 2 1 1 3 1 5 4 1 8 8 12 8 2 15 16 17 16 15 15 19 18 18 23 15 24 17 25 17 18 29 31 11 34 34 35 36 36 34 38 23 42 43 43 42 42 43 44 43 50 50 47 50 47 46 46 52 56 51 53 42 50 46 48 61 54 59 62 49 62 55 51 70 57 65 47 51 77 74
1 2 1 1 3 1 5 4 1 8 8 12 8 11 15 16 17 16 15 15 19 18 18 23 15 24 17 25 17 18 29 31 30 34 34 35 36 36 34 38 20 42 43 43 42 42 43 44 43 50 50 47 50 47 46 46 52 56 51 53 42 50 46 48 61 54 59 62 49 62 55 51 70 57 65 47 51 77 74
67
1 2 1 1 4 3 6 2 7 5 9 8 2 12 7 4 9 9 4 9 20 3 15 20 20 9 22 19 3 12 14 15 28 6 1 2 20 18 28 6 41 41 41 41 41 44 41 44 41 48 41 48 19 54 54 56 55 55 57 58 56 60 58 63 64 57
1 1 1 1 1 4 1 4 1 8 1 8 12 14 15 14 14 17 16 19 15 20 18 22 21 15 25 20 17 22 22 17 22 33 16 28 33 33 22 35 32 16 25 27 28 41 19 14 15 33 31 41 5 54 54 56 55 55 57 58 56 60 58 63 64 57
43
1 1 3 2 3 1 3 6 5 4 2 3 10 9 2 4 13 9 19 4 21 21 19 20 10 14 4 10 29 30 29 31 5 34 35 36 36 38 34 35 40 37
1 2 3 3 5 1 2 7 4 7 11 12 11 13 2 16 16 18 17 18 16 18 21 20 19 17 18 25 24 17 19 28 24 34 19 36 36 34 35 25 29 19
26
1 1 1 1 3 2 3 7 5 1 3 12 12 13 14 15 14 18 1 20 20 20 23 24 24
1 1 1 1 3 2 3 7 5 1 8 12 12 13 14 15 14 18 15 20 20 20 23 24 24
91
1 1 1 3 4 5 1 8 3 6 1 12 12 13 13 16 15 15 14 12 20 13 12 19 3 26 26 28 27 29 29 29 30 27 28 32 34 29 36 32 34 28 41 33 41 43 28 28 33 35 29 28 29 37 32 44 36 48 26 38 60 36 36 26 43 64 64 51 31 45 55 68 43 55 75 75 77 75 75 78 77 79 79 76 77 86 75 76 77 86
1 1 3 1 1 4 3 5 5 2 3 12 1 2 3 12 3 18 18 18 20 21 22 18 25 20 23 3 29 29 31 30 32 32 32 33 30 31 35 37 32 39 35 37 31 44 36 44 46 31 31 36 38 32 31 32 40 35 47 39 51 29 41 63 39 39 29 46 67 67 54 34 48 58 71 46 46 78 78 79 79 82 81 81 80 78 86 79 78 85
77
1 2 2 1 2 4 7 8 7 8 11 10 9 14 12 14 9 12 19 14 12 20 15 18 15 22 20 18 13 25 27 10 21 14 14 18 20 33 15 34 38 19 13 18 29 12 40 22 31 13 47 39 9 54 54 56 55 56 59 56 57 54 62 64 62 61 59 61 58 62 68 68 68 70 69 74
1 2 1 2 5 4 3 8 6 8 3 6 13 8 6 14 9 12 9 16 14 12 7 19 21 4 15 8 8 12 14 27 9 28 32 13 7 12 23 6 34 16 25 7 41 33 36 48 48 50 49 50 53 50 51 48 56 58 56 55 53 55 52 56 62 62 62 64 63 68 46 72 73 73 72 73
100
1 2 3 4 5 6 7 8 9 10 11 12 13 14 15 16 17 18 19 20 21 22 23 24 25 26 27 28 29 30 31 32 33 34 35 36 37 38 39 40 41 42 43 44 45 46 47 48 49 50 51 52 53 54 55 56 57 58 59 60 61 62 63 64 65 66 67 68 69 70 71 72 73 74 75 76 77 78 79 80 81 82 83 84 85 86 87 88 89 90 91 92 93 94 95 96 97 98 99
1 2 3 4 5 6 7 8 9 10 11 12 13 14 15 16 17 18 19 20 21 22 23 24 25 26 27 28 29 30 31 32 33 34 35 36 37 38 39 40 41 42 43 44 45 46 47 48 49 50 51 52 53 54 55 56 57 58 59 60 61 62 63 64 65 66 67 68 69 70 71 72 73 74 75 76 77 78 79 80 81 82 83 84 85 86 87 88 89 1 1 1 1 1 1 1 1 1 1
100
1 2 3 4 5 6 7 8 9 10 11 12 13 14 15 16 17 18 19 20 21 22 23 24 25 26 27 28 29 30 31 32 33 34 35 36 37 38 39 40 41 42 43 44 45 46 47 48 49 50 51 52 53 54 55 56 57 58 59 60 61 62 63 64 65 66 67 68 69 70 71 72 73 74 75 76 77 78 79 80 81 82 83 84 85 86 87 88 89 90 91 92 93 94 95 96 97 98 99
1 2 3 4 5 6 7 8 9 10 11 12 13 14 15 16 17 18 19 20 21 22 23 24 25 26 27 28 29 30 31 32 33 34 35 36 37 38 39 40 41 42 43 44 45 46 47 48 49 50 51 52 53 54 55 56 57 58 59 60 61 62 63 64 65 66 67 68 69 70 71 72 73 74 75 76 77 78 79 80 81 82 83 84 85 86 87 88 89 1 1 1 1 1 1 1 1 1 1
100
1 2 3 4 5 6 7 8 9 10 11 12 13 14 15 16 17 18 19 20 21 22 23 24 25 26 27 28 29 30 31 32 33 34 35 36 37 38 39 40 41 42 43 44 45 46 47 48 49 50 51 52 53 54 55 56 57 58 59 60 61 62 63 64 65 66 67 68 69 70 71 72 73 74 75 76 77 78 79 80 81 82 83 84 85 86 87 88 89 90 91 92 93 94 95 96 97 98 99
1 2 3 4 5 6 7 8 9 10 11 12 13 14 15 16 17 18 19 20 21 22 23 24 25 26 27 28 29 30 31 32 33 34 35 36 37 38 39 40 41 42 43 44 45 46 47 48 49 50 51 52 53 54 55 56 57 58 59 60 61 62 63 64 65 66 67 68 69 70 71 72 73 74 75 76 77 78 79 80 81 82 83 84 85 86 87 88 89 1 1 1 1 1 1 1 1 1 1
100
1 2 3 4 5 6 7 8 9 10 11 12 13 14 15 16 17 18 19 20 21 22 23 24 25 26 27 28 29 30 31 32 33 34 35 36 37 38 39 40 41 42 43 44 45 46 47 48 49 50 51 52 53 54 55 56 57 58 59 60 61 62 63 64 65 66 67 68 69 70 71 72 73 74 75 76 77 78 79 80 81 82 83 84 85 86 87 88 89 90 91 92 93 94 95 96 97 98 99
1 2 3 4 5 6 7 8 9 10 11 12 13 14 15 16 17 18 19 20 21 22 23 24 25 26 27 28 29 30 31 32 33 34 35 36 37 38 39 40 41 42 43 44 45 46 47 48 49 50 51 52 53 54 55 56 57 58 59 60 61 62 63 64 65 66 67 68 69 70 71 72 73 74 75 76 77 78 79 80 81 82 83 84 85 86 87 88 89 1 1 1 1 1 1 1 1 1 1
100
1 2 3 4 5 6 7 8 9 10 11 12 13 14 15 16 17 18 19 20 21 22 23 24 25 26 27 28 29 30 31 32 33 34 35 36 37 38 39 40 41 42 43 44 45 46 47 48 49 50 51 52 53 54 55 56 57 58 59 60 61 62 63 64 65 66 67 68 69 70 71 72 73 74 75 76 77 78 79 80 81 82 83 84 85 86 87 88 89 90 91 92 93 94 95 96 97 98 99
1 2 3 4 5 6 7 8 9 10 11 12 13 14 15 16 17 18 19 20 21 22 23 24 25 26 27 28 29 30 31 32 33 34 35 36 37 38 39 40 41 42 43 44 45 46 47 48 49 50 51 52 53 54 55 56 57 58 59 60 61 62 63 64 65 66 67 68 69 70 71 72 73 74 75 76 77 78 79 80 81 82 83 84 85 86 87 88 89 1 1 1 1 1 1 1 1 1 1
100
1 1 3 3 1 6 7 8 9 8 9 9 9 14 15 14 10 9 17 12 17 17 18 12 22 11 27 22 8 21 8 9 32 11 19 31 24 23 13 27 34 20 14 18 20 32 30 14 33 18 40 41 31 8 16 40 55 48 7 60 61 62 62 64 64 65 65 68 68 60 60 62 65 60 71 56 77 78 79 77 81 81 80 79 85 80 81 81 83 82 81 88 86 85 89 83 82 94 88
1 2 3 3 5 5 6 6 9 9 1 1 3 6 1 12 1 18 19 18 19 19 19 24 25 24 20 19 27 22 27 27 28 22 32 21 37 32 18 31 18 19 42 21 29 41 34 33 23 37 44 30 24 28 30 42 40 24 43 28 50 51 41 18 26 50 65 58 34 70 71 72 70 74 74 73 72 78 73 74 74 76 75 74 81 79 78 82 76 75 87 81 8 94 94 96 96 94 99
100
1 1 2 2 5 6 5 6 8 7 5 11 11 11 11 7 10 7 9 16 12 9 10 20 17 13 10 17 27 9 12 18 31 22 6 13 32 8 37 39 31 12 23 27 39 23 46 43 18 18 11 39 47 21 6 24 23 58 59 60 58 58 60 62 61 62 67 61 68 69 67 65 63 71 75 35 77 78 79 78 80 81 82 81 83 83 78 79 78 89 84 86 84 86 95 86 92 78 86
1 1 2 4 5 6 7 5 5 7 9 8 9 14 8 15 16 14 12 10 18 22 15 24 25 24 25 27 26 24 30 30 30 30 26 29 26 28 35 31 28 29 39 36 32 29 36 46 28 31 37 50 41 25 32 51 27 56 58 50 31 42 46 58 42 65 62 37 37 30 58 66 40 25 43 34 77 78 79 78 80 81 82 81 83 83 78 79 78 89 84 86 84 86 95 86 92 78 86
100
1 2 2 3 2 4 3 4 7 10 11 1 3 14 7 16 5 9 7 8 17 17 14 13 15 13 27 8 5 25 27 22 30 31 35 36 35 35 37 38 35 35 38 41 40 37 41 44 46 39 43 50 48 43 55 40 47 55 52 50 44 50 41 41 44 60 65 36 54 68 62 58 44 60 46 43 65 39 52 45 50 54 44 43 85 86 87 85 88 85 87 91 86 91 85 94 91 93 88
1 2 2 3 2 4 3 4 7 10 11 1 3 14 7 16 5 9 7 8 17 17 14 13 15 13 27 8 5 25 27 22 30 33 35 36 37 35 38 35 37 41 36 41 35 44 41 43 38 9 51 52 51 51 53 54 51 51 54 57 56 53 57 60 62 55 59 66 64 59 71 56 63 71 68 66 60 66 57 57 60 76 81 52 70 84 78 74 60 76 62 59 81 55 68 61 66 70 60
100
1 2 1 4 1 3 1 1 2 9 8 2 13 3 5 4 5 18 18 20 20 18 22 18 21 22 24 19 25 22 29 21 19 24 28 31 27 32 22 18 28 21 24 26 33 35 33 37 45 18 30 20 18 1 55 56 57 57 57 56 60 55 60 58 64 65 59 64 68 59 66 59 55 61 59 59 68 77 61 71 62 73 69 76 85 73 72 80 73 66 60 64 66 74 92 61 59 56 59
1 2 1 4 1 3 1 1 2 9 8 2 13 3 5 4 15 18 19 20 20 20 19 23 18 23 21 27 28 22 27 31 22 29 22 18 24 22 22 31 40 24 34 25 36 32 39 48 36 35 43 36 29 23 27 29 37 55 24 22 19 22 27 64 64 66 66 64 68 64 67 68 70 65 71 68 75 67 65 70 74 77 73 78 68 64 74 67 70 72 79 81 79 83 91 64 76 66 64
100
1 1 3 3 3 3 2 3 1 3 6 5 7 2 5 1 17 14 17 17 10 8 11 1 2 21 1 4 22 25 6 24 14 10 22 27 12 2 22 38 17 17 21 37 40 46 47 46 47 47 48 52 46 49 55 12 57 57 57 59 57 60 60 63 61 58 62 64 58 63 61 72 64 72 57 70 65 69 79 80 80 81 79 79 81 85 80 85 83 84 91 92 80 80 83 91 88 84 90
1 1 3 3 3 3 2 3 1 3 6 5 7 2 5 1 17 14 17 17 10 8 11 1 2 21 1 4 22 25 6 24 14 10 22 27 12 2 22 38 17 17 21 37 15 46 47 46 47 47 48 52 46 49 55 33 57 58 58 59 57 57 59 63 58 63 61 62 69 70 58 58 61 69 66 62 68 31 79 79 79 81 79 82 82 85 83 80 84 86 80 85 83 94 86 94 79 92 87
