100
4 10
1 1 1
1 10
4 10
1 2 2
4 10
1 2 3
316 156
1 1 3 1 5 2 7 4 9 5 11 9 13 3 15 11 17 13 19 9 21 10 23 2 25 19 27 13 29 14 31 13 33 14 35 26 37 10 39 24 41 39 43 43 45 25 47 19 49 33 51 33 53 30 55 41 57 29 59 20 61 55 63 5 65 5 67 2 69 51 71 45 73 74 75 30 77 10 79 54 81 15 83 58 85 69 87 46 89 83 91 59 93 1 95 80 97 2 99 42 101 62 103 73 105 93 107 95 109 12 111 79 113 66 115 89 117 89 119 76 121 115 123 110 125 88 127 1 129 71 131 97 133 16 135 41 137 69 139 119 141 89 143 1 145 95 147 22 149 63 151 75 153 93 155 147 157 54 159 46 161 3 163 130 165 78 167 107 169 89 171 94 173 166 175 37 177 162 179 84 181 135 183 127 185 122 187 182 189 150 191 21 193 148 195 194 197 47 199 94 201 61 203 153 205 89 207 160 209 75 211 94 213 26 215 134 217 89 219 95 221 220 223 14 225 158 227 222 229 122 231 87 233 42 235 118 237 219 239 60 241 173 243 5 245 143 247 147 249 40 251 70 253 176 255 250 257 122 259 91 261 15 263 120 265 51 267 121 269 68 271 13 273 239 275 182 277 86 279 82 281 40 283 272 285 193 287 138 289 115 291 241 293 253 295 261 297 224 299 39 301 265 303 207 305 223 307 16 309 241 311 125 313 72 315
96 49
1 2 3 2 5 1 7 5 9 9 11 7 13 10 15 16 17 2 19 10 21 9 23 23 25 10 27 3 29 13 31 27 33 29 35 34 37 37 39 1 41 18 43 16 45 37 47 24 49 36 51 49 53 3 55 5 57 35 59 8 61 25 63 54 65 66 67 30 69 54 71 29 73 39 75 4 77 32 79 34 81 29 83 27 85 8 87 12 89 3 91 29 93 87 95
430 215
1 1 3 2 5 5 7 7 9 8 11 6 13 14 15 11 17 11 19 20 21 17 23 16 25 10 27 21 29 21 31 29 33 27 35 24 37 27 39 6 41 16 43 25 45 17 47 22 49 3 51 4 53 22 55 8 57 36 59 23 61 49 63 43 65 28 67 4 69 54 71 62 73 41 75 63 77 52 79 79 81 31 83 49 85 86 87 53 89 58 91 8 93 27 95 50 97 90 99 34 101 6 103 54 105 33 107 67 109 34 111 47 113 75 115 29 117 62 119 95 121 84 123 100 125 12 127 72 129 98 131 1 133 122 135 122 137 117 139 102 141 36 143 46 145 57 147 45 149 87 151 6 153 75 155 154 157 60 159 73 161 55 163 24 165 76 167 129 169 87 171 68 173 172 175 41 177 32 179 104 181 116 183 61 185 131 187 16 189 32 191 90 193 131 195 156 197 117 199 17 201 69 203 85 205 166 207 201 209 30 211 196 213 141 215 127 217 200 219 150 221 208 223 74 225 23 227 66 229 134 231 181 233 172 235 96 237 79 239 163 241 39 243 230 245 74 247 72 249 104 251 79 253 46 255 251 257 72 259 161 261 142 263 97 265 39 267 51 269 159 271 96 273 229 275 60 277 33 279 176 281 209 283 150 285 26 287 43 289 44 291 241 293 252 295 216 297 173 299 149 301 97 303 214 305 191 307 276 309 295 311 176 313 125 315 86 317 186 319 221 321 188 323 276 325 294 327 132 329 102 331 122 333 152 335 239 337 131 339 100 341 288 343 100 345 291 347 77 349 87 351 347 353 129 355 266 357 119 359 280 361 12 363 356 365 184 367 57 369 190 371 287 373 262 375 306 377 278 379 229 381 33 383 188 385 287 387 47 389 199 391 104 393 58 395 184 397 342 399 128 401 294 403 316 405 56 407 287 409 294 411 214 413 133 415 43 417 12 419 274 421 219 423 7 425 383 427 234 429
352 174
1 2 3 4 5 4 7 2 9 6 11 12 13 11 15 16 17 17 19 17 21 21 23 10 25 11 27 8 29 13 31 5 33 30 35 25 37 1 39 13 41 37 43 22 45 3 47 10 49 25 51 1 53 19 55 41 57 27 59 8 61 2 63 8 65 50 67 11 69 18 71 35 73 19 75 33 77 69 79 31 81 76 83 45 85 40 87 82 89 58 91 44 93 35 95 29 97 90 99 92 101 26 103 82 105 5 107 5 109 8 111 107 113 43 115 66 117 48 119 78 121 102 123 58 125 120 127 38 129 49 131 5 133 13 135 34 137 49 139 37 141 15 143 83 145 141 147 104 149 123 151 104 153 21 155 154 157 31 159 12 161 93 163 131 165 134 167 20 169 47 171 36 173 39 175 37 177 68 179 78 181 42 183 104 185 25 187 101 189 108 191 49 193 91 195 31 197 6 199 181 201 85 203 185 205 23 207 142 209 102 211 16 213 76 215 184 217 132 219 122 221 221 223 224 225 60 227 132 229 14 231 131 233 1 235 3 237 173 239 119 241 134 243 189 245 162 247 53 249 145 251 225 253 119 255 209 257 193 259 186 261 51 263 103 265 259 267 200 269 59 271 192 273 131 275 182 277 199 279 50 281 119 283 179 285 124 287 118 289 260 291 196 293 12 295 281 297 58 299 229 301 211 303 56 305 59 307 108 309 236 311 259 313 6 315 30 317 221 319 166 321 265 323 201 325 208 327 126 329 83 331 231 333 215 335 94 337 148 339 338 341 200 343 20 345 158 347 217 349 314 351
64 32
1 1 3 1 5 5 7 2 9 3 11 2 13 14 15 12 17 18 19 2 21 20 23 21 25 23 27 15 29 26 31 14 33 1 35 18 37 11 39 5 41 17 43 35 45 32 47 3 49 32 51 51 53 52 55 35 57 16 59 19 61 34 63
336 166
1 2 3 2 5 1 7 6 9 9 11 7 13 11 15 13 17 4 19 11 21 1 23 4 25 11 27 20 29 3 31 26 33 26 35 4 37 14 39 6 41 13 43 15 45 9 47 32 49 15 51 36 53 7 55 30 57 52 59 35 61 49 63 47 65 21 67 36 69 27 71 38 73 68 75 65 77 59 79 59 81 31 83 69 85 50 87 86 89 18 91 35 93 12 95 69 97 48 99 32 101 9 103 91 105 53 107 87 109 76 111 69 113 58 115 3 117 111 119 102 121 3 123 47 125 23 127 71 129 53 131 23 133 126 135 112 137 77 139 58 141 101 143 26 145 23 147 29 149 127 151 52 153 142 155 141 157 25 159 53 161 95 163 20 165 132 167 166 169 122 171 161 173 32 175 88 177 121 179 174 181 163 183 31 185 75 187 91 189 151 191 124 193 165 195 161 197 191 199 49 201 193 203 82 205 36 207 114 209 207 211 71 213 78 215 134 217 207 219 136 221 126 223 146 225 63 227 74 229 60 231 138 233 81 235 197 237 17 239 36 241 194 243 32 245 49 247 171 249 193 251 102 253 232 255 185 257 145 259 48 261 129 263 48 265 3 267 22 269 120 271 87 273 259 275 29 277 79 279 119 281 149 283 216 285 91 287 223 289 244 291 234 293 248 295 260 297 227 299 116 301 122 303 6 305 276 307 79 309 135 311 185 313 164 315 215 317 12 319 89 321 266 323 89 325 235 327 50 329 298 331 16 333 264 335
226 114
1 2 3 3 5 2 7 4 9 2 11 3 13 4 15 10 17 5 19 12 21 22 23 17 25 19 27 6 29 11 31 22 33 17 35 27 37 18 39 35 41 14 43 10 45 45 47 11 49 21 51 9 53 22 55 34 57 52 59 58 61 18 63 5 65 24 67 5 69 15 71 39 73 33 75 64 77 8 79 66 81 41 83 19 85 56 87 26 89 38 91 46 93 6 95 17 97 50 99 70 101 14 103 68 105 103 107 17 109 16 111 30 113 60 115 14 117 42 119 79 121 62 123 74 125 40 127 85 129 120 131 84 133 54 135 99 137 126 139 61 141 140 143 67 145 47 147 70 149 134 151 4 153 6 155 88 157 87 159 112 161 70 163 33 165 21 167 73 169 90 171 4 173 147 175 21 177 125 179 28 181 108 183 75 185 79 187 168 189 37 191 26 193 90 195 91 197 55 199 2 201 96 203 46 205 172 207 127 209 124 211 46 213 96 215 195 217 134 219 53 221 145 223 6 225
160 81
1 1 3 2 5 6 7 4 9 1 11 1 13 1 15 13 17 17 19 15 21 12 23 7 25 12 27 12 29 8 31 2 33 32 35 8 37 26 39 29 41 17 43 32 45 31 47 25 49 27 51 32 53 8 55 36 57 30 59 51 61 47 63 18 65 58 67 49 69 22 71 13 73 11 75 55 77 9 79 4 81 68 83 83 85 9 87 18 89 15 91 70 93 39 95 4 97 82 99 92 101 30 103 21 105 96 107 52 109 41 111 21 113 32 115 64 117 13 119 99 121 18 123 114 125 56 127 104 129 98 131 6 133 118 135 94 137 110 139 85 141 137 143 43 145 121 147 27 149 92 151 47 153 130 155 154 157 66 159
176 86
1 1 3 4 5 4 7 6 9 8 11 4 13 10 15 14 17 7 19 1 21 1 23 8 25 5 27 6 29 28 31 31 33 16 35 21 37 24 39 35 41 14 43 14 45 35 47 15 49 16 51 2 53 38 55 21 57 20 59 58 61 56 63 18 65 30 67 17 69 30 71 49 73 1 75 46 77 66 79 11 81 3 83 10 85 23 87 60 89 25 91 91 93 8 95 90 97 30 99 79 101 26 103 52 105 92 107 33 109 13 111 17 113 58 115 71 117 48 119 56 121 121 123 106 125 81 127 57 129 79 131 6 133 35 135 11 137 118 139 3 141 32 143 54 145 58 147 62 149 76 151 151 153 111 155 131 157 95 159 140 161 60 163 32 165 9 167 166 169 24 171 49 173 160 175
208 102
1 1 3 4 5 3 7 5 9 3 11 7 13 10 15 16 17 5 19 15 21 1 23 10 25 14 27 18 29 10 31 14 33 1 35 16 37 7 39 9 41 16 43 29 45 3 47 30 49 5 51 17 53 52 55 54 57 55 59 41 61 40 63 26 65 47 67 66 69 52 71 39 73 28 75 28 77 69 79 14 81 8 83 10 85 83 87 13 89 23 91 33 93 32 95 40 97 26 99 61 101 19 103 59 105 76 107 34 109 91 111 75 113 12 115 23 117 41 119 46 121 91 123 68 125 105 127 87 129 13 131 102 133 78 135 121 137 84 139 101 141 123 143 51 145 105 147 131 149 25 151 28 153 103 155 139 157 154 159 70 161 72 163 124 165 89 167 151 169 84 171 121 173 127 175 67 177 35 179 8 181 46 183 46 185 8 187 139 189 169 191 93 193 147 195 91 197 187 199 60 201 13 203 128 205 135 207
208 104
1 2 3 2 5 2 7 4 9 3 11 6 13 5 15 12 17 6 19 14 21 18 23 3 25 7 27 11 29 15 31 15 33 7 35 17 37 14 39 35 41 17 43 33 45 13 47 29 49 33 51 37 53 27 55 13 57 35 59 14 61 62 63 22 65 22 67 3 69 15 71 71 73 57 75 36 77 53 79 35 81 55 83 74 85 40 87 15 89 16 91 49 93 58 95 92 97 87 99 45 101 81 103 25 105 98 107 95 109 35 111 62 113 48 115 5 117 117 119 98 121 21 123 92 125 14 127 122 129 115 131 6 133 76 135 43 137 78 139 21 141 41 143 14 145 113 147 70 149 38 151 103 153 3 155 90 157 9 159 129 161 161 163 134 165 135 167 17 169 120 171 170 173 157 175 116 177 46 179 91 181 10 183 22 185 165 187 37 189 83 191 125 193 7 195 156 197 43 199 163 201 118 203 151 205 199 207
26 13
1 2 3 3 5 2 7 5 9 8 11 7 13 4 15 10 17 11 19 16 21 20 23 4 25
376 188
1 1 3 4 5 5 7 8 9 6 11 7 13 7 15 11 17 4 19 9 21 15 23 24 25 16 27 18 29 20 31 12 33 30 35 19 37 21 39 15 41 39 43 37 45 45 47 5 49 46 51 34 53 53 55 55 57 20 59 5 61 50 63 7 65 16 67 31 69 18 71 6 73 14 75 47 77 43 79 16 81 46 83 14 85 8 87 51 89 76 91 22 93 17 95 58 97 37 99 82 101 9 103 44 105 36 107 2 109 46 111 28 113 13 115 15 117 38 119 69 121 92 123 56 125 26 127 110 129 91 131 83 133 134 135 129 137 106 139 18 141 81 143 77 145 26 147 127 149 27 151 84 153 96 155 150 157 91 159 103 161 72 163 163 165 160 167 1 169 135 171 117 173 138 175 76 177 73 179 62 181 43 183 13 185 107 187 25 189 52 191 20 193 43 195 119 197 6 199 91 201 72 203 184 205 192 207 97 209 90 211 76 213 118 215 211 217 192 219 193 221 173 223 138 225 119 227 164 229 75 231 157 233 98 235 125 237 22 239 47 241 149 243 46 245 7 247 231 249 205 251 92 253 244 255 239 257 44 259 197 261 121 263 68 265 59 267 19 269 30 271 206 273 143 275 260 277 73 279 4 281 175 283 1 285 250 287 41 289 96 291 265 293 17 295 145 297 296 299 13 301 30 303 117 305 64 307 54 309 18 311 131 313 123 315 245 317 170 319 97 321 206 323 305 325 265 327 277 329 70 331 55 333 315 335 121 337 54 339 62 341 301 343 164 345 259 347 84 349 40 351 212 353 159 355 211 357 20 359 216 361 334 363 316 365 329 367 164 369 163 371 185 373 372 375
53 27
1 2 3 3 5 1 7 3 9 7 11 7 13 7 15 10 17 2 19 2 21 16 23 6 25 12 27 6 29 13 31 16 33 13 35 3 37 26 39 6 41 16 43 24 45 3 47 35 49 10 51 45
154 77
1 1 3 4 5 3 7 7 9 6 11 10 13 13 15 15 17 4 19 5 21 22 23 17 25 5 27 14 29 26 31 32 33 9 35 15 37 21 39 12 41 32 43 12 45 16 47 43 49 44 51 43 53 13 55 6 57 45 59 41 61 34 63 50 65 32 67 32 69 16 71 61 73 66 75 18 77 61 79 19 81 32 83 32 85 80 87 87 89 69 91 76 93 93 95 87 97 38 99 59 101 4 103 66 105 104 107 72 109 90 111 64 113 91 115 61 117 107 119 52 121 119 123 91 125 116 127 108 129 69 131 1 133 79 135 126 137 73 139 50 141 56 143 63 145 34 147 107 149 67 151 31 153
448 225
1 2 3 2 5 6 7 1 9 2 11 5 13 4 15 7 17 15 19 8 21 21 23 10 25 6 27 22 29 13 31 15 33 31 35 32 37 10 39 2 41 21 43 40 45 5 47 11 49 9 51 32 53 37 55 23 57 57 59 14 61 9 63 44 65 13 67 20 69 8 71 7 73 71 75 18 77 68 79 70 81 26 83 65 85 4 87 38 89 3 91 83 93 76 95 67 97 38 99 31 101 30 103 11 105 74 107 24 109 110 111 67 113 90 115 76 117 49 119 116 121 53 123 114 125 56 127 86 129 32 131 17 133 76 135 128 137 36 139 76 141 24 143 15 145 74 147 5 149 93 151 70 153 91 155 67 157 144 159 37 161 138 163 124 165 28 167 22 169 165 171 92 173 85 175 133 177 131 179 157 181 39 183 53 185 175 187 57 189 111 191 36 193 148 195 86 197 176 199 40 201 15 203 178 205 189 207 7 209 105 211 208 213 49 215 65 217 96 219 107 221 20 223 2 225 84 227 218 229 37 231 154 233 219 235 130 237 209 239 63 241 49 243 79 245 167 247 211 249 45 251 138 253 142 255 251 257 190 259 145 261 84 263 47 265 17 267 134 269 247 271 230 273 1 275 134 277 158 279 202 281 95 283 63 285 178 287 268 289 216 291 110 293 60 295 178 297 193 299 242 301 157 303 258 305 73 307 120 309 294 311 191 313 166 315 227 317 205 319 140 321 26 323 7 325 17 327 101 329 137 331 74 333 3 335 323 337 118 339 210 341 107 343 102 345 274 347 52 349 176 351 189 353 351 355 6 357 81 359 304 361 75 363 150 365 209 367 126 369 108 371 131 373 168 375 3 377 197 379 189 381 30 383 277 385 127 387 82 389 28 391 99 393 105 395 340 397 139 399 292 401 85 403 316 405 347 407 56 409 392 411 16 413 154 415 94 417 1 419 62 421 73 423 70 425 120 427 83 429 208 431 207 433 161 435 190 437 108 439 384 441 124 443 14 445 50 447
304 152
1 1 3 3 5 6 7 8 9 6 11 4 13 9 15 8 17 1 19 15 21 17 23 22 25 19 27 11 29 26 31 32 33 21 35 31 37 31 39 36 41 16 43 12 45 10 47 44 49 16 51 15 53 23 55 10 57 19 59 2 61 2 63 24 65 32 67 9 69 48 71 51 73 36 75 59 77 59 79 41 81 7 83 56 85 57 87 83 89 23 91 15 93 62 95 65 97 23 99 95 101 71 103 87 105 97 107 41 109 57 111 76 113 93 115 87 117 104 119 63 121 56 123 2 125 44 127 1 129 59 131 31 133 121 135 33 137 127 139 72 141 7 143 100 145 98 147 88 149 3 151 93 153 43 155 4 157 99 159 19 161 140 163 43 165 29 167 80 169 12 171 138 173 134 175 80 177 54 179 20 181 115 183 146 185 151 187 184 189 81 191 86 193 135 195 162 197 51 199 115 201 110 203 198 205 7 207 107 209 109 211 73 213 192 215 53 217 66 219 125 221 170 223 22 225 197 227 122 229 50 231 106 233 54 235 96 237 161 239 15 241 200 243 43 245 158 247 16 249 212 251 31 253 135 255 110 257 138 259 71 261 208 263 261 265 241 267 202 269 133 271 141 273 149 275 43 277 131 279 162 281 135 283 70 285 82 287 130 289 261 291 159 293 122 295 255 297 89 299 44 301 286 303
346 171
1 1 3 4 5 5 7 1 9 9 11 8 13 5 15 4 17 7 19 11 21 22 23 5 25 7 27 27 29 27 31 12 33 3 35 8 37 35 39 23 41 14 43 7 45 6 47 36 49 36 51 8 53 29 55 21 57 30 59 55 61 39 63 26 65 56 67 65 69 55 71 32 73 30 75 9 77 9 79 73 81 76 83 84 85 36 87 61 89 29 91 92 93 30 95 33 97 68 99 9 101 62 103 47 105 67 107 98 109 18 111 25 113 6 115 33 117 31 119 106 121 53 123 122 125 49 127 53 129 125 131 93 133 86 135 113 137 129 139 7 141 104 143 81 145 121 147 121 149 114 151 44 153 28 155 149 157 86 159 129 161 124 163 119 165 143 167 13 169 32 171 168 173 133 175 171 177 103 179 119 181 151 183 115 185 108 187 106 189 109 191 114 193 70 195 144 197 11 199 80 201 36 203 48 205 183 207 198 209 84 211 23 213 92 215 64 217 104 219 178 221 155 223 24 225 121 227 61 229 165 231 187 233 5 235 7 237 13 239 19 241 198 243 130 245 218 247 54 249 85 251 176 253 141 255 66 257 161 259 113 261 239 263 16 265 24 267 189 269 53 271 195 273 31 275 36 277 118 279 30 281 61 283 75 285 240 287 119 289 53 291 73 293 55 295 255 297 30 299 167 301 199 303 301 305 183 307 137 309 101 311 163 313 124 315 210 317 74 319 214 321 15 323 75 325 55 327 127 329 168 331 150 333 119 335 318 337 299 339 309 341 70 343 87 345
396 196
1 1 3 1 5 1 7 7 9 10 11 8 13 14 15 15 17 7 19 4 21 22 23 11 25 2 27 18 29 3 31 14 33 2 35 23 37 9 39 10 41 3 43 4 45 15 47 13 49 15 51 4 53 40 55 25 57 50 59 14 61 55 63 29 65 24 67 63 69 8 71 45 73 28 75 68 77 25 79 25 81 17 83 77 85 69 87 71 89 79 91 5 93 93 95 88 97 28 99 28 101 34 103 76 105 99 107 69 109 92 111 111 113 104 115 105 117 37 119 58 121 51 123 71 125 38 127 115 129 89 131 42 133 33 135 74 137 14 139 105 141 61 143 27 145 116 147 61 149 8 151 105 153 150 155 124 157 109 159 80 161 154 163 115 165 79 167 95 169 82 171 65 173 58 175 68 177 143 179 42 181 79 183 117 185 88 187 85 189 66 191 109 193 82 195 82 197 107 199 180 201 163 203 34 205 63 207 50 209 180 211 40 213 12 215 29 217 56 219 23 221 69 223 14 225 200 227 33 229 44 231 72 233 125 235 181 237 78 239 222 241 155 243 130 245 185 247 189 249 115 251 29 253 123 255 43 257 203 259 147 261 76 263 221 265 229 267 87 269 177 271 69 273 161 275 241 277 16 279 74 281 239 283 242 285 218 287 255 289 138 291 133 293 21 295 15 297 18 299 251 301 7 303 225 305 5 307 69 309 26 311 310 313 287 315 37 317 202 319 150 321 200 323 255 325 103 327 194 329 196 331 60 333 169 335 32 337 169 339 81 341 279 343 344 345 152 347 168 349 288 351 193 353 11 355 179 357 117 359 121 361 49 363 115 365 153 367 86 369 255 371 39 373 30 375 41 377 330 379 330 381 117 383 246 385 84 387 298 389 116 391 121 393 143 395
94 45
1 1 3 4 5 6 7 5 9 3 11 11 13 10 15 5 17 6 19 17 21 18 23 8 25 9 27 21 29 26 31 22 33 20 35 31 37 37 39 2 41 27 43 4 45 19 47 7 49 11 51 40 53 48 55 21 57 5 59 13 61 22 63 3 65 66 67 13 69 52 71 2 73 53 75 12 77 21 79 10 81 4 83 6 85 25 87 69 89 63 91 37 93
282 139
1 1 3 3 5 6 7 7 9 6 11 10 13 3 15 12 17 4 19 1 21 19 23 20 25 6 27 9 29 24 31 8 33 15 35 25 37 10 39 29 41 1 43 43 45 19 47 11 49 42 51 46 53 42 55 24 57 45 59 28 61 17 63 54 65 17 67 64 69 48 71 33 73 33 75 49 77 65 79 11 81 45 83 27 85 21 87 27 89 22 91 35 93 59 95 33 97 78 99 82 101 51 103 56 105 87 107 48 109 97 111 68 113 14 115 75 117 75 119 71 121 68 123 17 125 44 127 27 129 63 131 59 133 130 135 69 137 105 139 91 141 134 143 82 145 21 147 66 149 126 151 139 153 16 155 52 157 65 159 126 161 125 163 112 165 24 167 97 169 65 171 43 173 38 175 55 177 50 179 83 181 36 183 159 185 143 187 148 189 59 191 131 193 149 195 143 197 125 199 147 201 67 203 133 205 88 207 110 209 68 211 90 213 41 215 216 217 159 219 42 221 51 223 207 225 10 227 51 229 119 231 83 233 43 235 223 237 146 239 62 241 19 243 195 245 222 247 140 249 64 251 111 253 19 255 169 257 134 259 143 261 61 263 63 265 145 267 38 269 224 271 82 273 254 275 236 277 115 279 74 281
198 98
1 2 3 2 5 6 7 2 9 6 11 4 13 2 15 7 17 13 19 1 21 1 23 3 25 23 27 28 29 18 31 24 33 5 35 10 37 30 39 30 41 20 43 43 45 16 47 47 49 32 51 17 53 32 55 41 57 16 59 21 61 18 63 40 65 32 67 9 69 1 71 52 73 5 75 70 77 47 79 13 81 35 83 46 85 80 87 34 89 89 91 72 93 2 95 60 97 62 99 72 101 94 103 1 105 88 107 6 109 68 111 89 113 16 115 36 117 23 119 59 121 74 123 87 125 51 127 111 129 21 131 39 133 86 135 86 137 49 139 60 141 137 143 136 145 27 147 21 149 37 151 65 153 127 155 82 157 117 159 121 161 31 163 84 165 153 167 21 169 50 171 120 173 65 175 115 177 157 179 16 181 50 183 115 185 79 187 167 189 31 191 67 193 25 195 83 197
114 57
1 2 3 4 5 5 7 3 9 1 11 2 13 13 15 13 17 17 19 10 21 21 23 5 25 12 27 25 29 17 31 31 33 33 35 36 37 13 39 29 41 36 43 3 45 43 47 40 49 9 51 19 53 35 55 47 57 44 59 49 61 25 63 59 65 66 67 14 69 67 71 40 73 20 75 24 77 69 79 77 81 25 83 79 85 77 87 6 89 69 91 49 93 9 95 88 97 17 99 44 101 36 103 93 105 97 107 36 109 73 111 108 113
420 209
1 2 3 3 5 6 7 2 9 1 11 2 13 11 15 12 17 7 19 4 21 12 23 9 25 6 27 2 29 1 31 28 33 2 35 21 37 12 39 17 41 17 43 40 45 20 47 5 49 34 51 19 53 45 55 8 57 58 59 24 61 20 63 33 65 56 67 48 69 57 71 31 73 31 75 46 77 44 79 45 81 8 83 65 85 86 87 85 89 6 91 61 93 60 95 78 97 19 99 65 101 45 103 8 105 79 107 73 109 69 111 89 113 89 115 82 117 109 119 58 121 27 123 120 125 44 127 6 129 98 131 16 133 62 135 77 137 103 139 24 141 23 143 111 145 113 147 148 149 12 151 137 153 8 155 110 157 115 159 2 161 26 163 27 165 73 167 106 169 59 171 23 173 167 175 29 177 32 179 5 181 142 183 180 185 131 187 127 189 112 191 114 193 18 195 181 197 68 199 50 201 26 203 202 205 206 207 66 209 112 211 52 213 162 215 29 217 119 219 134 221 103 223 191 225 216 227 18 229 194 231 53 233 67 235 49 237 176 239 66 241 214 243 177 245 104 247 222 249 210 251 171 253 158 255 61 257 51 259 57 261 202 263 39 265 200 267 13 269 122 271 174 273 216 275 31 277 150 279 109 281 56 283 204 285 150 287 10 289 4 291 251 293 274 295 26 297 15 299 211 301 298 303 69 305 283 307 221 309 283 311 58 313 255 315 99 317 45 319 167 321 22 323 279 325 320 327 78 329 211 331 112 333 93 335 102 337 188 339 131 341 204 343 93 345 187 347 248 349 210 351 106 353 244 355 256 357 17 359 324 361 94 363 204 365 274 367 149 369 230 371 126 373 291 375 57 377 278 379 179 381 214 383 352 385 283 387 81 389 109 391 46 393 120 395 114 397 160 399 179 401 230 403 280 405 346 407 101 409 391 411 35 413 117 415 205 417 301 419
280 139
1 1 3 2 5 3 7 6 9 9 11 1 13 10 15 7 17 8 19 7 21 18 23 16 25 24 27 7 29 29 31 5 33 24 35 21 37 6 39 8 41 23 43 16 45 22 47 28 49 34 51 48 53 26 55 17 57 13 59 22 61 40 63 13 65 24 67 34 69 56 71 10 73 40 75 9 77 74 79 19 81 7 83 56 85 48 87 28 89 80 91 26 93 43 95 50 97 2 99 43 101 33 103 102 105 19 107 35 109 97 111 43 113 106 115 115 117 14 119 86 121 1 123 13 125 103 127 7 129 4 131 88 133 126 135 56 137 114 139 18 141 103 143 30 145 41 147 101 149 89 151 6 153 91 155 142 157 29 159 50 161 95 163 139 165 162 167 36 169 1 171 77 173 142 175 125 177 149 179 23 181 161 183 113 185 172 187 5 189 64 191 183 193 55 195 36 197 75 199 104 201 148 203 22 205 109 207 147 209 30 211 30 213 194 215 126 217 131 219 117 221 200 223 11 225 42 227 64 229 7 231 68 233 37 235 116 237 117 239 67 241 131 243 15 245 168 247 7 249 107 251 190 253 157 255 188 257 30 259 2 261 64 263 72 265 83 267 114 269 187 271 183 273 93 275 126 277 30 279
405 202
1 1 3 4 5 2 7 3 9 2 11 7 13 11 15 2 17 11 19 18 21 4 23 7 25 16 27 24 29 14 31 11 33 9 35 34 37 11 39 28 41 17 43 17 45 37 47 48 49 12 51 20 53 40 55 44 57 46 59 38 61 62 63 15 65 60 67 23 69 27 71 4 73 1 75 34 77 23 79 47 81 49 83 72 85 69 87 31 89 3 91 50 93 76 95 68 97 46 99 32 101 95 103 42 105 57 107 98 109 32 111 10 113 109 115 1 117 32 119 68 121 92 123 104 125 71 127 100 129 93 131 38 133 78 135 92 137 31 139 62 141 87 143 111 145 24 147 4 149 133 151 68 153 48 155 155 157 123 159 65 161 156 163 120 165 163 167 43 169 9 171 61 173 55 175 160 177 75 179 59 181 3 183 160 185 7 187 41 189 190 191 100 193 78 195 73 197 100 199 39 201 144 203 47 205 38 207 119 209 171 211 17 213 50 215 214 217 2 219 43 221 79 223 28 225 189 227 193 229 133 231 231 233 65 235 121 237 60 239 40 241 149 243 230 245 159 247 77 249 114 251 156 253 199 255 9 257 100 259 54 261 222 263 261 265 32 267 176 269 7 271 49 273 144 275 242 277 93 279 255 281 279 283 256 285 67 287 190 289 155 291 176 293 10 295 43 297 149 299 276 301 207 303 18 305 149 307 273 309 158 311 146 313 173 315 120 317 212 319 104 321 106 323 315 325 265 327 235 329 205 331 110 333 306 335 115 337 271 339 144 341 127 343 263 345 208 347 318 349 10 351 78 353 141 355 103 357 45 359 12 361 159 363 284 365 305 367 1 369 49 371 242 373 324 375 199 377 285 379 70 381 157 383 187 385 334 387 122 389 208 391 211 393 258 395 142 397 309 399 11 401 103 403 402
378 188
1 1 3 3 5 5 7 8 9 3 11 6 13 10 15 8 17 3 19 2 21 18 23 22 25 17 27 5 29 5 31 19 33 21 35 1 37 12 39 2 41 4 43 29 45 4 47 12 49 17 51 12 53 4 55 19 57 53 59 10 61 16 63 2 65 60 67 28 69 4 71 42 73 68 75 35 77 48 79 79 81 17 83 2 85 22 87 57 89 1 91 50 93 13 95 32 97 54 99 46 101 55 103 80 105 85 107 35 109 33 111 41 113 52 115 81 117 71 119 6 121 48 123 73 125 101 127 80 129 8 131 58 133 73 135 131 137 57 139 12 141 7 143 48 145 105 147 88 149 78 151 93 153 21 155 32 157 154 159 147 161 116 163 102 165 39 167 97 169 69 171 139 173 43 175 90 177 41 179 3 181 51 183 121 185 78 187 160 189 164 191 115 193 21 195 186 197 145 199 137 201 69 203 184 205 182 207 35 209 78 211 175 213 69 215 72 217 201 219 47 221 102 223 188 225 1 227 184 229 196 231 125 233 163 235 233 237 36 239 29 241 210 243 37 245 218 247 49 249 215 251 234 253 234 255 112 257 226 259 127 261 135 263 68 265 264 267 255 269 237 271 116 273 264 275 183 277 26 279 116 281 264 283 123 285 265 287 160 289 192 291 184 293 243 295 269 297 127 299 230 301 286 303 230 305 306 307 135 309 255 311 69 313 159 315 79 317 65 319 199 321 12 323 250 325 67 327 272 329 22 331 97 333 259 335 269 337 131 339 293 341 152 343 190 345 94 347 149 349 286 351 281 353 197 355 320 357 224 359 89 361 165 363 209 365 177 367 118 369 319 371 56 373 105 375 147 377
362 179
1 2 3 1 5 3 7 4 9 9 11 12 13 4 15 5 17 10 19 17 21 8 23 11 25 9 27 10 29 27 31 1 33 34 35 22 37 37 39 30 41 41 43 32 45 23 47 12 49 5 51 24 53 50 55 3 57 38 59 29 61 6 63 19 65 15 67 63 69 37 71 25 73 28 75 69 77 10 79 75 81 37 83 32 85 24 87 50 89 81 91 10 93 48 95 24 97 95 99 10 101 61 103 33 105 65 107 105 109 50 111 65 113 67 115 31 117 47 119 89 121 79 123 3 125 104 127 27 129 39 131 107 133 22 135 5 137 34 139 50 141 137 143 41 145 93 147 108 149 107 151 25 153 84 155 58 157 18 159 82 161 141 163 91 165 34 167 163 169 66 171 37 173 24 175 42 177 50 179 166 181 122 183 103 185 12 187 131 189 19 191 143 193 146 195 155 197 107 199 42 201 144 203 57 205 104 207 99 209 134 211 64 213 97 215 206 217 14 219 60 221 46 223 209 225 226 227 26 229 142 231 215 233 88 235 38 237 225 239 152 241 177 243 93 245 149 247 22 249 104 251 93 253 41 255 104 257 253 259 44 261 173 263 199 265 204 267 97 269 82 271 266 273 57 275 25 277 148 279 12 281 133 283 112 285 43 287 227 289 178 291 202 293 207 295 294 297 22 299 4 301 138 303 276 305 34 307 4 309 148 311 157 313 57 315 37 317 318 319 60 321 142 323 218 325 300 327 287 329 63 331 187 333 238 335 123 337 199 339 308 341 341 343 2 345 246 347 183 349 10 351 241 353 269 355 187 357 35 359 263 361
318 159
1 2 3 1 5 5 7 2 9 9 11 9 13 6 15 13 17 16 19 14 21 6 23 3 25 9 27 25 29 26 31 29 33 19 35 20 37 29 39 22 41 12 43 5 45 27 47 36 49 40 51 17 53 36 55 2 57 33 59 51 61 5 63 53 65 25 67 65 69 62 71 69 73 27 75 19 77 28 79 75 81 38 83 46 85 68 87 27 89 83 91 49 93 28 95 95 97 10 99 23 101 76 103 37 105 29 107 26 109 92 111 92 113 53 115 34 117 82 119 89 121 23 123 3 125 28 127 120 129 27 131 101 133 115 135 67 137 93 139 23 141 29 143 63 145 133 147 147 149 26 151 20 153 138 155 57 157 101 159 77 161 143 163 114 165 103 167 4 169 81 171 99 173 174 175 157 177 83 179 1 181 53 183 59 185 117 187 150 189 43 191 116 193 87 195 182 197 180 199 168 201 145 203 144 205 52 207 62 209 188 211 196 213 147 215 131 217 122 219 210 221 100 223 202 225 73 227 197 229 219 231 203 233 29 235 213 237 189 239 42 241 113 243 177 245 81 247 84 249 239 251 76 253 14 255 245 257 120 259 82 261 181 263 23 265 19 267 4 269 129 271 66 273 230 275 127 277 205 279 56 281 138 283 133 285 206 287 107 289 271 291 78 293 194 295 100 297 296 299 21 301 80 303 107 305 90 307 264 309 116 311 57 313 300 315 292 317
80 41
1 2 3 2 5 1 7 4 9 4 11 2 13 5 15 4 17 7 19 17 21 22 23 14 25 26 27 17 29 28 31 13 33 17 35 30 37 25 39 37 41 23 43 6 45 5 47 3 49 37 51 11 53 38 55 13 57 22 59 12 61 33 63 13 65 19 67 2 69 55 71 72 73 24 75 20 77 36 79
176 88
1 1 3 2 5 2 7 2 9 1 11 2 13 4 15 2 17 3 19 10 21 13 23 18 25 3 27 28 29 18 31 22 33 7 35 2 37 36 39 26 41 18 43 38 45 13 47 48 49 44 51 19 53 47 55 42 57 45 59 28 61 28 63 50 65 39 67 40 69 35 71 51 73 57 75 4 77 76 79 33 81 18 83 82 85 23 87 82 89 29 91 50 93 39 95 12 97 45 99 62 101 59 103 80 105 60 107 75 109 15 111 16 113 73 115 1 117 104 119 86 121 5 123 17 125 39 127 32 129 127 131 35 133 98 135 14 137 69 139 83 141 139 143 137 145 119 147 21 149 1 151 36 153 46 155 98 157 7 159 95 161 48 163 36 165 141 167 103 169 25 171 129 173 134 175
76 37
1 1 3 2 5 1 7 6 9 8 11 12 13 2 15 9 17 5 19 8 21 4 23 19 25 4 27 5 29 25 31 31 33 26 35 31 37 33 39 11 41 1 43 32 45 14 47 25 49 50 51 52 53 32 55 9 57 17 59 28 61 52 63 41 65 63 67 17 69 48 71 64 73 14 75
453 225
1 1 3 2 5 1 7 3 9 9 11 3 13 8 15 5 17 1 19 17 21 13 23 7 25 3 27 6 29 12 31 4 33 24 35 10 37 5 39 15 41 17 43 8 45 33 47 11 49 20 51 49 53 2 55 43 57 26 59 3 61 62 63 38 65 34 67 67 69 31 71 66 73 19 75 64 77 48 79 35 81 61 83 44 85 56 87 19 89 75 91 76 93 74 95 39 97 37 99 14 101 96 103 7 105 9 107 77 109 55 111 13 113 4 115 45 117 62 119 36 121 18 123 86 125 42 127 5 129 56 131 2 133 110 135 41 137 96 139 55 141 111 143 2 145 143 147 84 149 125 151 61 153 93 155 59 157 42 159 19 161 155 163 122 165 26 167 75 169 101 171 58 173 88 175 165 177 152 179 74 181 21 183 61 185 86 187 168 189 52 191 172 193 20 195 29 197 90 199 52 201 76 203 20 205 64 207 39 209 205 211 76 213 143 215 131 217 208 219 124 221 82 223 48 225 39 227 170 229 43 231 188 233 158 235 175 237 214 239 54 241 6 243 151 245 193 247 109 249 76 251 168 253 49 255 48 257 200 259 161 261 234 263 65 265 84 267 46 269 208 271 195 273 246 275 1 277 10 279 197 281 227 283 31 285 153 287 162 289 17 291 29 293 141 295 129 297 114 299 121 301 275 303 100 305 42 307 241 309 84 311 28 313 184 315 196 317 64 319 201 321 102 323 233 325 10 327 111 329 91 331 217 333 245 335 318 337 93 339 1 341 42 343 197 345 248 347 327 349 287 351 116 353 354 355 62 357 112 359 193 361 296 363 276 365 102 367 167 369 303 371 281 373 3 375 134 377 58 379 135 381 121 383 323 385 212 387 252 389 381 391 159 393 3 395 310 397 29 399 220 401 326 403 113 405 328 407 370 409 218 411 279 413 387 415 71 417 352 419 28 421 286 423 260 425 425 427 389 429 360 431 114 433 237 435 278 437 362 439 277 441 15 443 431 445 345 447 301 449 444 451 63
87 43
1 1 3 1 5 2 7 1 9 9 11 3 13 14 15 7 17 18 19 11 21 18 23 21 25 23 27 11 29 9 31 6 33 10 35 7 37 31 39 35 41 38 43 3 45 31 47 33 49 39 51 40 53 45 55 52 57 53 59 45 61 55 63 4 65 21 67 32 69 7 71 33 73 38 75 61 77 50 79 71 81 1 83 8 85 47
68 35
1 1 3 1 5 6 7 4 9 6 11 12 13 7 15 8 17 12 19 9 21 18 23 20 25 1 27 9 29 1 31 15 33 28 35 12 37 17 39 38 41 26 43 32 45 31 47 13 49 40 51 26 53 36 55 55 57 1 59 56 61 18 63 1 65 60 67
356 176
1 2 3 4 5 2 7 4 9 7 11 12 13 3 15 13 17 6 19 7 21 2 23 7 25 7 27 6 29 8 31 12 33 17 35 35 37 26 39 4 41 29 43 10 45 46 47 36 49 22 51 16 53 45 55 45 57 33 59 12 61 62 63 24 65 39 67 32 69 14 71 62 73 21 75 71 77 70 79 37 81 5 83 66 85 69 87 10 89 14 91 26 93 75 95 21 97 96 99 16 101 1 103 1 105 44 107 60 109 85 111 70 113 66 115 15 117 70 119 46 121 75 123 88 125 52 127 106 129 129 131 17 133 126 135 125 137 82 139 132 141 28 143 81 145 12 147 133 149 137 151 144 153 54 155 119 157 146 159 133 161 102 163 31 165 107 167 35 169 130 171 164 173 118 175 162 177 140 179 76 181 136 183 3 185 68 187 137 189 152 191 114 193 128 195 124 197 63 199 84 201 16 203 104 205 21 207 207 209 96 211 144 213 145 215 18 217 31 219 160 221 35 223 181 225 167 227 150 229 166 231 116 233 149 235 131 237 203 239 84 241 119 243 67 245 116 247 153 249 49 251 113 253 133 255 167 257 13 259 86 261 36 263 113 265 33 267 9 269 98 271 141 273 34 275 90 277 167 279 177 281 6 283 185 285 153 287 98 289 95 291 212 293 174 295 220 297 115 299 19 301 271 303 228 305 237 307 94 309 281 311 200 313 304 315 37 317 214 319 242 321 313 323 227 325 122 327 138 329 98 331 194 333 301 335 68 337 132 339 115 341 134 343 270 345 257 347 283 349 102 351 115 353 191 355
262 129
1 1 3 4 5 5 7 7 9 1 11 7 13 5 15 6 17 16 19 8 21 9 23 19 25 23 27 28 29 21 31 15 33 5 35 4 37 30 39 38 41 37 43 21 45 46 47 18 49 15 51 13 53 2 55 30 57 30 59 36 61 49 63 43 65 36 67 64 69 17 71 13 73 6 75 5 77 40 79 17 81 42 83 60 85 86 87 9 89 67 91 19 93 85 95 71 97 24 99 42 101 38 103 91 105 67 107 76 109 75 111 21 113 34 115 65 117 21 119 19 121 48 123 100 125 101 127 13 129 88 131 120 133 15 135 46 137 95 139 118 141 100 143 51 145 82 147 109 149 76 151 1 153 122 155 71 157 68 159 122 161 33 163 77 165 12 167 158 169 49 171 32 173 166 175 153 177 82 179 53 181 48 183 9 185 172 187 66 189 122 191 103 193 191 195 34 197 30 199 100 201 140 203 156 205 185 207 90 209 163 211 207 213 173 215 47 217 92 219 22 221 206 223 67 225 207 227 172 229 171 231 155 233 186 235 110 237 190 239 19 241 159 243 115 245 84 247 108 249 239 251 225 253 206 255 125 257 70 259 223 261
77 37
1 2 3 4 5 5 7 1 9 7 11 2 13 2 15 6 17 13 19 5 21 11 23 7 25 13 27 20 29 12 31 6 33 8 35 5 37 4 39 2 41 16 43 42 45 27 47 38 49 32 51 7 53 41 55 40 57 44 59 32 61 21 63 54 65 34 67 58 69 18 71 71 73 17 75 63
56 28
1 2 3 4 5 3 7 3 9 2 11 2 13 1 15 16 17 1 19 14 21 22 23 14 25 6 27 10 29 18 31 2 33 3 35 9 37 2 39 36 41 21 43 21 45 46 47 32 49 17 51 32 53 11 55
438 218
1 2 3 2 5 6 7 1 9 3 11 6 13 7 15 4 17 11 19 3 21 8 23 19 25 3 27 19 29 13 31 6 33 34 35 14 37 27 39 17 41 24 43 9 45 34 47 16 49 47 51 27 53 6 55 9 57 39 59 57 61 39 63 32 65 54 67 22 69 35 71 29 73 69 75 41 77 19 79 44 81 5 83 66 85 1 87 44 89 15 91 26 93 48 95 3 97 45 99 96 101 78 103 47 105 31 107 1 109 13 111 41 113 34 115 95 117 45 119 64 121 57 123 28 125 99 127 102 129 104 131 90 133 7 135 14 137 31 139 41 141 121 143 100 145 4 147 101 149 106 151 152 153 146 155 76 157 122 159 113 161 79 163 59 165 59 167 47 169 119 171 132 173 170 175 72 177 52 179 94 181 92 183 3 185 161 187 63 189 176 191 43 193 116 195 178 197 59 199 76 201 54 203 162 205 84 207 150 209 111 211 90 213 17 215 12 217 14 219 188 221 164 223 174 225 212 227 85 229 92 231 33 233 147 235 200 237 236 239 109 241 149 243 192 245 156 247 85 249 231 251 234 253 49 255 42 257 242 259 101 261 97 263 147 265 182 267 89 269 124 271 245 273 252 275 140 277 174 279 98 281 80 283 129 285 19 287 138 289 40 291 241 293 66 295 18 297 191 299 151 301 157 303 123 305 74 307 15 309 8 311 121 313 249 315 166 317 83 319 29 321 97 323 125 325 183 327 128 329 266 331 303 333 251 335 40 337 27 339 311 341 237 343 288 345 305 347 164 349 95 351 129 353 124 355 124 357 51 359 57 361 300 363 300 365 79 367 43 369 42 371 209 373 66 375 250 377 343 379 304 381 106 383 223 385 249 387 76 389 250 391 368 393 111 395 175 397 268 399 20 401 137 403 62 405 11 407 215 409 393 411 389 413 114 415 255 417 264 419 340 421 30 423 347 425 299 427 251 429 374 431 284 433 8 435 314 437
214 108
1 2 3 4 5 3 7 4 9 3 11 1 13 6 15 7 17 5 19 18 21 12 23 7 25 18 27 12 29 17 31 4 33 20 35 24 37 13 39 17 41 24 43 3 45 42 47 20 49 25 51 8 53 52 55 52 57 26 59 28 61 52 63 57 65 61 67 18 69 57 71 52 73 61 75 29 77 18 79 78 81 69 83 29 85 20 87 14 89 70 91 46 93 43 95 54 97 19 99 74 101 73 103 26 105 53 107 38 109 26 111 66 113 2 115 32 117 111 119 6 121 6 123 35 125 65 127 67 129 46 131 93 133 108 135 26 137 27 139 110 141 54 143 130 145 127 147 77 149 62 151 134 153 41 155 95 157 18 159 137 161 43 163 164 165 107 167 90 169 23 171 114 173 84 175 101 177 36 179 172 181 59 183 25 185 169 187 167 189 169 191 149 193 146 195 159 197 9 199 5 201 60 203 30 205 84 207 23 209 63 211 70 213
292 144
1 2 3 4 5 5 7 6 9 1 11 4 13 7 15 10 17 6 19 10 21 22 23 18 25 9 27 27 29 30 31 5 33 1 35 3 37 6 39 1 41 38 43 16 45 35 47 11 49 17 51 26 53 3 55 36 57 10 59 9 61 51 63 42 65 59 67 26 69 28 71 42 73 50 75 23 77 10 79 65 81 20 83 8 85 44 87 8 89 5 91 9 93 45 95 44 97 35 99 80 101 42 103 60 105 58 107 44 109 103 111 52 113 17 115 94 117 113 119 86 121 16 123 37 125 73 127 31 129 108 131 23 133 66 135 48 137 5 139 133 141 90 143 21 145 37 147 106 149 7 151 133 153 99 155 71 157 110 159 42 161 7 163 48 165 165 167 144 169 119 171 106 173 15 175 11 177 2 179 1 181 56 183 26 185 56 187 161 189 171 191 149 193 99 195 13 197 25 199 103 201 60 203 98 205 56 207 206 209 157 211 127 213 30 215 123 217 218 219 123 221 194 223 98 225 220 227 188 229 131 231 51 233 175 235 215 237 173 239 58 241 89 243 101 245 177 247 211 249 202 251 98 253 29 255 149 257 157 259 199 261 214 263 125 265 235 267 95 269 50 271 136 273 173 275 194 277 138 279 64 281 4 283 83 285 48 287 183 289 192 291
16 7
1 2 3 3 5 3 7 3 9 3 11 7 13 8 15
286 142
1 1 3 3 5 4 7 8 9 4 11 7 13 5 15 14 17 6 19 16 21 21 23 4 25 2 27 4 29 23 31 30 33 8 35 35 37 32 39 19 41 11 43 24 45 45 47 29 49 37 51 3 53 40 55 5 57 30 59 55 61 55 63 52 65 37 67 29 69 44 71 29 73 58 75 19 77 66 79 2 81 49 83 33 85 54 87 82 89 86 91 39 93 14 95 47 97 27 99 45 101 59 103 56 105 101 107 30 109 66 111 76 113 107 115 112 117 64 119 59 121 71 123 59 125 14 127 118 129 90 131 22 133 66 135 52 137 52 139 24 141 69 143 85 145 20 147 4 149 96 151 113 153 133 155 16 157 105 159 84 161 27 163 4 165 76 167 84 169 72 171 139 173 57 175 105 177 5 179 61 181 143 183 64 185 150 187 149 189 88 191 139 193 140 195 135 197 18 199 156 201 188 203 62 205 141 207 53 209 100 211 33 213 130 215 156 217 139 219 48 221 65 223 8 225 88 227 219 229 16 231 160 233 189 235 6 237 183 239 186 241 85 243 210 245 7 247 143 249 60 251 244 253 89 255 229 257 176 259 26 261 133 263 57 265 11 267 164 269 98 271 157 273 131 275 241 277 238 279 229 281 202 283 201 285
330 165
1 1 3 3 5 3 7 8 9 3 11 6 13 2 15 9 17 1 19 5 21 8 23 19 25 22 27 14 29 8 31 10 33 2 35 21 37 6 39 35 41 21 43 14 45 21 47 19 49 24 51 6 53 23 55 3 57 57 59 33 61 22 63 58 65 15 67 62 69 24 71 4 73 13 75 20 77 55 79 45 81 6 83 27 85 70 87 66 89 34 91 68 93 55 95 50 97 31 99 67 101 87 103 103 105 36 107 73 109 75 111 17 113 50 115 59 117 44 119 18 121 47 123 67 125 70 127 93 129 72 131 100 133 14 135 95 137 92 139 52 141 19 143 7 145 54 147 96 149 49 151 41 153 52 155 27 157 100 159 48 161 57 163 5 165 88 167 149 169 17 171 24 173 131 175 72 177 27 179 6 181 33 183 105 185 163 187 169 189 69 191 100 193 122 195 91 197 75 199 182 201 77 203 65 205 54 207 140 209 74 211 7 213 93 215 211 217 202 219 102 221 126 223 39 225 141 227 122 229 131 231 38 233 72 235 118 237 226 239 164 241 26 243 131 245 73 247 23 249 102 251 46 253 108 255 225 257 4 259 113 261 224 263 137 265 20 267 170 269 60 271 216 273 174 275 113 277 77 279 267 281 71 283 184 285 254 287 106 289 202 291 277 293 294 295 268 297 43 299 172 301 6 303 109 305 263 307 187 309 251 311 167 313 99 315 239 317 305 319 168 321 61 323 205 325 57 327 251 329
394 196
1 1 3 4 5 4 7 2 9 5 11 11 13 8 15 13 17 9 19 5 21 3 23 15 25 15 27 6 29 9 31 16 33 28 35 6 37 17 39 34 41 38 43 13 45 41 47 17 49 37 51 52 53 1 55 21 57 47 59 53 61 26 63 52 65 12 67 4 69 52 71 56 73 37 75 22 77 37 79 24 81 68 83 16 85 56 87 12 89 20 91 48 93 30 95 29 97 40 99 18 101 68 103 96 105 29 107 102 109 1 111 36 113 109 115 24 117 62 119 95 121 15 123 103 125 70 127 57 129 117 131 77 133 6 135 109 137 43 139 99 141 56 143 133 145 88 147 15 149 145 151 60 153 34 155 25 157 158 159 57 161 64 163 13 165 97 167 132 169 63 171 73 173 173 175 110 177 145 179 175 181 52 183 79 185 113 187 4 189 125 191 58 193 2 195 158 197 39 199 62 201 140 203 199 205 12 207 23 209 142 211 155 213 90 215 153 217 47 219 48 221 44 223 184 225 213 227 211 229 151 231 207 233 58 235 149 237 218 239 124 241 165 243 169 245 178 247 7 249 26 251 28 253 12 255 77 257 187 259 13 261 170 263 174 265 139 267 152 269 132 271 107 273 83 275 145 277 151 279 31 281 122 283 84 285 128 287 142 289 122 291 149 293 152 295 104 297 204 299 18 301 281 303 297 305 283 307 228 309 27 311 139 313 204 315 240 317 98 319 175 321 83 323 19 325 91 327 189 329 205 331 59 333 127 335 217 337 12 339 69 341 30 343 39 345 196 347 329 349 301 351 180 353 194 355 168 357 265 359 203 361 93 363 56 365 52 367 261 369 230 371 55 373 89 375 286 377 338 379 174 381 87 383 366 385 230 387 53 389 225 391 27 393
444 222
1 1 3 1 5 6 7 6 9 2 11 11 13 10 15 12 17 1 19 20 21 20 23 14 25 12 27 10 29 9 31 5 33 16 35 5 37 13 39 29 41 14 43 9 45 25 47 27 49 38 51 41 53 42 55 39 57 41 59 19 61 21 63 11 65 39 67 57 69 17 71 68 73 50 75 28 77 11 79 77 81 28 83 59 85 60 87 15 89 21 91 11 93 33 95 42 97 36 99 2 101 78 103 82 105 89 107 43 109 67 111 19 113 107 115 42 117 86 119 33 121 86 123 58 125 40 127 108 129 51 131 4 133 51 135 29 137 19 139 79 141 6 143 138 145 65 147 97 149 97 151 16 153 147 155 14 157 6 159 66 161 41 163 88 165 109 167 145 169 107 171 110 173 24 175 59 177 102 179 51 181 90 183 106 185 3 187 66 189 162 191 44 193 26 195 8 197 46 199 155 201 31 203 183 205 126 207 155 209 153 211 83 213 115 215 210 217 187 219 47 221 161 223 106 225 70 227 201 229 146 231 226 233 206 235 141 237 20 239 39 241 228 243 199 245 174 247 67 249 184 251 144 253 2 255 56 257 188 259 204 261 211 263 39 265 125 267 241 269 58 271 70 273 208 275 162 277 209 279 258 281 153 283 137 285 42 287 31 289 195 291 131 293 284 295 70 297 290 299 204 301 245 303 285 305 74 307 148 309 195 311 256 313 255 315 23 317 192 319 37 321 234 323 86 325 5 327 295 329 237 331 117 333 294 335 335 337 201 339 312 341 228 343 335 345 194 347 285 349 329 351 222 353 160 355 354 357 296 359 281 361 228 363 358 365 64 367 95 369 346 371 83 373 24 375 158 377 254 379 238 381 351 383 79 385 151 387 360 389 339 391 300 393 112 395 148 397 199 399 177 401 38 403 362 405 336 407 398 409 144 411 128 413 98 415 69 417 5 419 139 421 120 423 255 425 399 427 397 429 18 431 230 433 115 435 177 437 418 439 107 441 313 443
498 248
1 1 3 2 5 3 7 4 9 8 11 9 13 3 15 1 17 18 19 15 21 8 23 5 25 13 27 10 29 25 31 18 33 22 35 11 37 18 39 30 41 31 43 21 45 19 47 38 49 1 51 35 53 28 55 41 57 5 59 54 61 28 63 5 65 4 67 35 69 24 71 70 73 67 75 52 77 22 79 52 81 29 83 7 85 54 87 82 89 52 91 75 93 24 95 15 97 37 99 70 101 18 103 103 105 98 107 60 109 65 111 68 113 55 115 104 117 100 119 2 121 99 123 98 125 126 127 10 129 28 131 64 133 77 135 100 137 105 139 23 141 22 143 50 145 32 147 66 149 11 151 12 153 52 155 153 157 150 159 33 161 108 163 51 165 71 167 76 169 25 171 64 173 15 175 73 177 148 179 52 181 35 183 143 185 55 187 157 189 65 191 149 193 105 195 147 197 16 199 132 201 174 203 7 205 52 207 87 209 206 211 96 213 44 215 21 217 157 219 199 221 195 223 39 225 34 227 55 229 70 231 112 233 97 235 40 237 180 239 106 241 190 243 177 245 229 247 86 249 158 251 162 253 135 255 113 257 9 259 75 261 238 263 59 265 46 267 191 269 25 271 166 273 197 275 262 277 173 279 91 281 270 283 3 285 153 287 128 289 18 291 256 293 204 295 52 297 233 299 257 301 275 303 76 305 248 307 265 309 137 311 16 313 266 315 49 317 10 319 130 321 220 323 160 325 1 327 111 329 236 331 69 333 305 335 27 337 229 339 120 341 167 343 258 345 219 347 225 349 293 351 206 353 315 355 164 357 130 359 203 361 352 363 290 365 8 367 229 369 257 371 318 373 324 375 282 377 120 379 270 381 37 383 90 385 182 387 350 389 161 391 23 393 146 395 270 397 182 399 240 401 394 403 177 405 166 407 75 409 234 411 145 413 275 415 380 417 189 419 33 421 87 423 96 425 305 427 194 429 257 431 114 433 243 435 49 437 197 439 148 441 150 443 349 445 3 447 280 449 80 451 366 453 86 455 53 457 359 459 425 461 308 463 460 465 13 467 442 469 290 471 309 473 374 475 27 477 155 479 466 481 185 483 127 485 253 487 109 489 199 491 132 493 279 495 303 497
416 206
1 2 3 3 5 1 7 2 9 3 11 12 13 3 15 13 17 5 19 12 21 3 23 23 25 11 27 4 29 10 31 22 33 6 35 22 37 1 39 16 41 4 43 34 45 42 47 35 49 25 51 27 53 38 55 38 57 25 59 56 61 24 63 46 65 26 67 11 69 12 71 34 73 63 75 15 77 67 79 71 81 52 83 43 85 63 87 18 89 19 91 33 93 21 95 85 97 68 99 75 101 23 103 63 105 9 107 80 109 33 111 32 113 73 115 29 117 53 119 118 121 69 123 106 125 88 127 30 129 103 131 43 133 58 135 126 137 36 139 106 141 25 143 68 145 29 147 107 149 101 151 110 153 105 155 50 157 118 159 157 161 18 163 66 165 144 167 157 169 125 171 126 173 159 175 33 177 69 179 159 181 138 183 156 185 179 187 174 189 99 191 7 193 183 195 148 197 84 199 128 201 185 203 4 205 117 207 57 209 6 211 116 213 92 215 146 217 110 219 21 221 91 223 67 225 173 227 138 229 86 231 172 233 72 235 232 237 127 239 133 241 145 243 158 245 8 247 127 249 214 251 22 253 248 255 92 257 206 259 189 261 214 263 101 265 42 267 267 269 141 271 107 273 236 275 38 277 161 279 172 281 149 283 273 285 278 287 219 289 182 291 36 293 101 295 125 297 28 299 100 301 229 303 5 305 155 307 232 309 118 311 238 313 115 315 128 317 294 319 79 321 255 323 188 325 202 327 39 329 103 331 167 333 210 335 175 337 122 339 330 341 201 343 36 345 156 347 230 349 64 351 324 353 247 355 318 357 354 359 152 361 139 363 60 365 224 367 169 369 28 371 154 373 124 375 374 377 47 379 374 381 16 383 60 385 212 387 210 389 25 391 1 393 90 395 1 397 150 399 20 401 145 403 29 405 30 407 339 409 39 411 10 413 208 415
414 206
1 2 3 4 5 1 7 6 9 10 11 8 13 7 15 16 17 17 19 14 21 11 23 19 25 25 27 11 29 30 31 15 33 28 35 32 37 28 39 34 41 22 43 6 45 25 47 11 49 46 51 39 53 30 55 11 57 34 59 31 61 50 63 16 65 50 67 65 69 56 71 52 73 61 75 14 77 25 79 39 81 29 83 57 85 5 87 27 89 54 91 5 93 42 95 62 97 19 99 89 101 36 103 103 105 66 107 75 109 82 111 17 113 83 115 5 117 61 119 14 121 23 123 110 125 109 127 122 129 17 131 46 133 117 135 26 137 44 139 138 141 69 143 89 145 21 147 122 149 8 151 75 153 71 155 102 157 143 159 47 161 15 163 73 165 47 167 49 169 136 171 76 173 4 175 102 177 128 179 109 181 42 183 17 185 1 187 141 189 130 191 87 193 47 195 194 197 147 199 114 201 81 203 196 205 146 207 121 209 19 211 55 213 106 215 29 217 208 219 150 221 198 223 127 225 192 227 109 229 81 231 50 233 128 235 108 237 69 239 21 241 152 243 55 245 149 247 28 249 212 251 58 253 170 255 44 257 89 259 75 261 94 263 244 265 81 267 1 269 228 271 247 273 263 275 100 277 51 279 16 281 188 283 70 285 181 287 112 289 114 291 44 293 27 295 175 297 37 299 156 301 59 303 126 305 30 307 249 309 53 311 197 313 300 315 69 317 277 319 272 321 213 323 78 325 152 327 14 329 283 331 261 333 205 335 201 337 283 339 227 341 238 343 52 345 259 347 312 349 118 351 40 353 90 355 157 357 106 359 226 361 193 363 286 365 2 367 91 369 192 371 339 373 252 375 361 377 153 379 198 381 333 383 12 385 92 387 228 389 372 391 293 393 274 395 171 397 209 399 220 401 233 403 76 405 365 407 61 409 398 411 42 413
222 109
1 2 3 1 5 1 7 8 9 8 11 5 13 9 15 8 17 3 19 16 21 1 23 15 25 1 27 20 29 18 31 7 33 8 35 8 37 26 39 19 41 18 43 20 45 39 47 29 49 21 51 50 53 44 55 12 57 50 59 4 61 62 63 52 65 21 67 39 69 70 71 40 73 46 75 20 77 31 79 80 81 1 83 22 85 67 87 63 89 69 91 63 93 29 95 57 97 33 99 5 101 22 103 64 105 12 107 31 109 13 111 14 113 21 115 53 117 17 119 84 121 64 123 124 125 32 127 73 129 129 131 43 133 8 135 135 137 93 139 87 141 58 143 60 145 23 147 76 149 71 151 143 153 88 155 13 157 147 159 24 161 86 163 98 165 90 167 68 169 87 171 44 173 150 175 62 177 16 179 39 181 32 183 124 185 109 187 165 189 67 191 13 193 108 195 90 197 25 199 39 201 78 203 89 205 186 207 26 209 89 211 31 213 183 215 85 217 107 219 120 221
462 232
1 2 3 1 5 3 7 7 9 1 11 4 13 2 15 15 17 6 19 6 21 13 23 20 25 8 27 28 29 5 31 23 33 6 35 28 37 8 39 24 41 33 43 8 45 22 47 2 49 19 51 32 53 47 55 46 57 41 59 34 61 23 63 12 65 13 67 39 69 61 71 10 73 30 75 7 77 58 79 64 81 63 83 43 85 33 87 47 89 77 91 73 93 48 95 34 97 85 99 11 101 42 103 31 105 55 107 56 109 105 111 35 113 92 115 34 117 39 119 32 121 47 123 28 125 102 127 6 129 123 131 91 133 102 135 50 137 98 139 101 141 8 143 21 145 124 147 72 149 20 151 11 153 34 155 73 157 126 159 55 161 71 163 86 165 63 167 16 169 107 171 59 173 147 175 7 177 125 179 142 181 130 183 131 185 122 187 62 189 120 191 29 193 128 195 82 197 133 199 200 201 189 203 134 205 1 207 35 209 141 211 36 213 103 215 209 217 114 219 81 221 66 223 58 225 213 227 227 229 160 231 223 233 4 235 109 237 185 239 233 241 6 243 34 245 182 247 4 249 62 251 38 253 124 255 214 257 126 259 57 261 260 263 100 265 176 267 243 269 254 271 131 273 65 275 192 277 150 279 103 281 118 283 217 285 141 287 94 289 55 291 40 293 82 295 203 297 121 299 193 301 86 303 288 305 179 307 171 309 60 311 227 313 144 315 279 317 16 319 317 321 295 323 207 325 194 327 38 329 160 331 83 333 329 335 26 337 99 339 23 341 31 343 307 345 23 347 94 349 329 351 197 353 234 355 289 357 234 359 204 361 165 363 94 365 298 367 326 369 142 371 80 373 348 375 172 377 99 379 158 381 379 383 206 385 305 387 137 389 327 391 282 393 38 395 330 397 170 399 8 401 390 403 240 405 385 407 152 409 113 411 266 413 9 415 398 417 398 419 164 421 89 423 50 425 123 427 402 429 306 431 259 433 311 435 234 437 99 439 25 441 89 443 424 445 121 447 147 449 73 451 194 453 59 455 289 457 232 459 133 461
336 167
1 2 3 4 5 5 7 1 9 8 11 3 13 14 15 4 17 9 19 10 21 14 23 22 25 21 27 28 29 7 31 3 33 29 35 7 37 24 39 25 41 3 43 30 45 34 47 6 49 46 51 21 53 24 55 23 57 40 59 46 61 41 63 54 65 23 67 44 69 66 71 61 73 74 75 21 77 13 79 6 81 46 83 17 85 22 87 77 89 31 91 75 93 86 95 70 97 47 99 47 101 100 103 14 105 16 107 21 109 101 111 21 113 29 115 20 117 25 119 65 121 42 123 8 125 63 127 59 129 63 131 112 133 97 135 110 137 63 139 66 141 136 143 68 145 32 147 38 149 79 151 120 153 30 155 26 157 66 159 109 161 161 163 19 165 39 167 64 169 91 171 45 173 26 175 163 177 2 179 105 181 94 183 21 185 102 187 55 189 98 191 169 193 68 195 101 197 72 199 68 201 98 203 186 205 144 207 19 209 14 211 98 213 142 215 40 217 2 219 201 221 159 223 50 225 217 227 56 229 119 231 34 233 127 235 25 237 51 239 91 241 44 243 170 245 61 247 169 249 141 251 102 253 7 255 45 257 57 259 92 261 209 263 258 265 1 267 68 269 180 271 50 273 265 275 44 277 223 279 223 281 192 283 202 285 89 287 213 289 215 291 139 293 62 295 174 297 195 299 151 301 277 303 256 305 76 307 143 309 111 311 9 313 263 315 161 317 105 319 137 321 300 323 228 325 284 327 206 329 2 331 141 333 206 335
102 51
1 1 3 1 5 6 7 6 9 5 11 1 13 5 15 14 17 6 19 9 21 2 23 12 25 16 27 12 29 7 31 26 33 23 35 5 37 30 39 6 41 17 43 38 45 18 47 16 49 34 51 22 53 46 55 33 57 58 59 21 61 16 63 61 65 59 67 20 69 47 71 70 73 49 75 19 77 10 79 28 81 57 83 35 85 57 87 10 89 4 91 9 93 49 95 79 97 14 99 4 101
400 200
1 1 3 3 5 1 7 1 9 10 11 3 13 13 15 8 17 11 19 4 21 10 23 14 25 11 27 3 29 13 31 19 33 10 35 35 37 34 39 39 41 3 43 10 45 42 47 34 49 42 51 46 53 4 55 6 57 39 59 8 61 48 63 24 65 66 67 11 69 31 71 62 73 44 75 26 77 67 79 11 81 2 83 59 85 49 87 40 89 66 91 65 93 6 95 17 97 11 99 84 101 52 103 11 105 105 107 62 109 84 111 102 113 94 115 87 117 116 119 76 121 121 123 53 125 111 127 2 129 87 131 62 133 44 135 39 137 129 139 101 141 86 143 96 145 130 147 60 149 2 151 37 153 33 155 115 157 151 159 24 161 14 163 45 165 83 167 153 169 113 171 29 173 149 175 63 177 25 179 17 181 165 183 62 185 145 187 124 189 115 191 60 193 165 195 110 197 197 199 117 201 200 203 22 205 1 207 48 209 65 211 63 213 104 215 103 217 55 219 57 221 170 223 7 225 52 227 17 229 6 231 53 233 223 235 114 237 59 239 110 241 22 243 22 245 207 247 166 249 125 251 216 253 83 255 221 257 225 259 85 261 144 263 9 265 115 267 27 269 162 271 40 273 241 275 92 277 135 279 3 281 15 283 73 285 92 287 173 289 123 291 264 293 283 295 18 297 26 299 188 301 83 303 216 305 292 307 51 309 269 311 227 313 148 315 293 317 113 319 219 321 38 323 95 325 192 327 172 329 256 331 287 333 314 335 99 337 39 339 312 341 206 343 275 345 90 347 346 349 255 351 116 353 100 355 179 357 70 359 179 361 235 363 41 365 307 367 159 369 209 371 336 373 67 375 244 377 330 379 157 381 197 383 143 385 97 387 324 389 288 391 270 393 22 395 346 397 329 399
358 179
1 2 3 3 5 4 7 6 9 7 11 11 13 10 15 3 17 1 19 13 21 1 23 1 25 18 27 3 29 9 31 21 33 5 35 12 37 36 39 8 41 17 43 9 45 34 47 46 49 33 51 24 53 14 55 8 57 36 59 11 61 56 63 27 65 41 67 35 69 35 71 9 73 34 75 41 77 33 79 4 81 39 83 12 85 13 87 71 89 45 91 11 93 69 95 2 97 14 99 64 101 15 103 71 105 89 107 96 109 75 111 52 113 67 115 85 117 69 119 14 121 44 123 97 125 119 127 67 129 2 131 27 133 134 135 9 137 48 139 41 141 73 143 4 145 24 147 9 149 49 151 38 153 104 155 25 157 7 159 90 161 110 163 159 165 128 167 137 169 47 171 118 173 73 175 160 177 45 179 150 181 156 183 163 185 146 187 79 189 181 191 134 193 20 195 136 197 115 199 55 201 54 203 163 205 89 207 92 209 111 211 17 213 71 215 186 217 120 219 214 221 209 223 137 225 50 227 213 229 26 231 213 233 167 235 170 237 63 239 108 241 101 243 14 245 219 247 28 249 206 251 243 253 51 255 249 257 214 259 153 261 65 263 38 265 186 267 109 269 180 271 227 273 168 275 1 277 234 279 212 281 157 283 145 285 164 287 51 289 255 291 111 293 207 295 25 297 261 299 155 301 79 303 134 305 181 307 158 309 107 311 80 313 134 315 82 317 30 319 311 321 190 323 310 325 21 327 116 329 317 331 100 333 106 335 268 337 193 339 177 341 226 343 159 345 89 347 114 349 90 351 112 353 232 355 102 357
130 66
1 1 3 3 5 2 7 3 9 7 11 12 13 14 15 15 17 1 19 14 21 6 23 21 25 25 27 12 29 4 31 28 33 28 35 25 37 18 39 38 41 22 43 16 45 39 47 45 49 42 51 14 53 48 55 27 57 56 59 23 61 21 63 19 65 62 67 6 69 52 71 10 73 11 75 74 77 50 79 44 81 81 83 24 85 72 87 80 89 28 91 76 93 85 95 55 97 32 99 29 101 80 103 92 105 11 107 20 109 28 111 39 113 60 115 63 117 71 119 47 121 89 123 119 125 75 127 18 129
168 82
1 1 3 2 5 3 7 7 9 10 11 8 13 2 15 2 17 17 19 20 21 21 23 8 25 9 27 24 29 10 31 25 33 6 35 26 37 14 39 22 41 17 43 6 45 19 47 42 49 8 51 11 53 18 55 38 57 17 59 17 61 9 63 19 65 30 67 41 69 28 71 36 73 16 75 61 77 28 79 5 81 13 83 15 85 45 87 15 89 36 91 5 93 67 95 93 97 43 99 27 101 31 103 72 105 87 107 55 109 38 111 48 113 114 115 46 117 70 119 37 121 109 123 90 125 16 127 35 129 90 131 27 133 39 135 91 137 103 139 76 141 48 143 42 145 76 147 138 149 107 151 127 153 136 155 50 157 16 159 133 161 37 163 150 165 141 167
448 222
1 2 3 1 5 3 7 4 9 6 11 10 13 14 15 16 17 13 19 15 21 5 23 7 25 6 27 7 29 13 31 23 33 3 35 3 37 30 39 18 41 22 43 43 45 43 47 29 49 17 51 31 53 36 55 39 57 39 59 55 61 57 63 49 65 21 67 23 69 57 71 21 73 29 75 60 77 68 79 70 81 34 83 34 85 42 87 32 89 10 91 22 93 64 95 36 97 42 99 41 101 64 103 9 105 67 107 68 109 109 111 93 113 66 115 81 117 111 119 6 121 120 123 31 125 55 127 29 129 42 131 28 133 58 135 83 137 120 139 67 141 48 143 21 145 112 147 136 149 40 151 40 153 102 155 36 157 129 159 104 161 13 163 145 165 112 167 139 169 77 171 102 173 108 175 171 177 109 179 136 181 142 183 104 185 160 187 106 189 129 191 166 193 101 195 33 197 110 199 65 201 2 203 130 205 82 207 188 209 196 211 53 213 172 215 53 217 206 219 205 221 135 223 50 225 146 227 138 229 146 231 204 233 187 235 212 237 145 239 91 241 171 243 167 245 71 247 16 249 197 251 36 253 186 255 219 257 168 259 131 261 52 263 3 265 169 267 42 269 177 271 140 273 219 275 163 277 272 279 79 281 81 283 243 285 234 287 69 289 238 291 96 293 292 295 125 297 234 299 175 301 259 303 55 305 162 307 254 309 185 311 43 313 222 315 305 317 165 319 244 321 157 323 2 325 182 327 88 329 300 331 208 333 241 335 245 337 278 339 236 341 72 343 105 345 32 347 147 349 87 351 289 353 114 355 140 357 291 359 34 361 305 363 308 365 215 367 82 369 236 371 106 373 74 375 115 377 45 379 265 381 328 383 206 385 118 387 189 389 384 391 224 393 186 395 328 397 36 399 319 401 34 403 376 405 135 407 289 409 375 411 45 413 69 415 78 417 303 419 89 421 161 423 95 425 298 427 107 429 151 431 91 433 395 435 429 437 124 439 176 441 59 443 224 445 236 447
200 100
1 2 3 3 5 3 7 8 9 3 11 12 13 8 15 9 17 16 19 9 21 10 23 22 25 9 27 13 29 22 31 16 33 27 35 15 37 1 39 33 41 29 43 24 45 13 47 41 49 13 51 46 53 52 55 9 57 14 59 18 61 48 63 27 65 12 67 16 69 45 71 69 73 15 75 16 77 41 79 43 81 43 83 52 85 20 87 41 89 26 91 90 93 55 95 70 97 52 99 43 101 76 103 85 105 90 107 24 109 72 111 41 113 15 115 28 117 86 119 70 121 107 123 120 125 15 127 2 129 43 131 124 133 68 135 96 137 29 139 17 141 106 143 98 145 93 147 106 149 39 151 105 153 11 155 75 157 10 159 5 161 75 163 30 165 13 167 13 169 37 171 49 173 128 175 148 177 133 179 126 181 31 183 3 185 16 187 41 189 41 191 184 193 134 195 159 197 44 199
34 15
1 2 3 1 5 4 7 5 9 5 11 6 13 6 15 1 17 2 19 14 21 9 23 15 25 19 27 24 29 7 31 26 33
174 85
1 1 3 2 5 1 7 6 9 3 11 9 13 1 15 6 17 14 19 7 21 21 23 24 25 23 27 11 29 19 31 26 33 2 35 31 37 32 39 33 41 15 43 25 45 18 47 44 49 24 51 43 53 35 55 14 57 45 59 5 61 58 63 47 65 39 67 58 69 38 71 16 73 56 75 20 77 41 79 31 81 46 83 52 85 38 87 20 89 66 91 6 93 33 95 88 97 96 99 31 101 76 103 85 105 71 107 46 109 33 111 110 113 90 115 92 117 7 119 93 121 4 123 35 125 116 127 125 129 36 131 79 133 12 135 132 137 5 139 97 141 131 143 27 145 47 147 108 149 146 151 8 153 26 155 51 157 29 159 62 161 129 163 26 165 45 167 100 169 51 171 41 173
126 64
1 1 3 3 5 1 7 3 9 2 11 10 13 10 15 14 17 4 19 12 21 22 23 16 25 26 27 13 29 24 31 13 33 11 35 1 37 2 39 31 41 22 43 39 45 28 47 44 49 7 51 30 53 50 55 42 57 43 59 12 61 32 63 29 65 47 67 32 69 9 71 63 73 12 75 40 77 66 79 69 81 14 83 71 85 22 87 4 89 13 91 44 93 43 95 46 97 92 99 98 101 98 103 94 105 13 107 70 109 69 111 46 113 52 115 74 117 26 119 98 121 12 123 14 125
122 59
1 2 3 4 5 6 7 8 9 4 11 8 13 10 15 13 17 7 19 3 21 7 23 19 25 7 27 15 29 30 31 10 33 27 35 4 37 30 39 37 41 14 43 2 45 33 47 30 49 31 51 5 53 2 55 20 57 23 59 2 61 14 63 49 65 62 67 55 69 29 71 24 73 74 75 8 77 4 79 49 81 47 83 15 85 6 87 11 89 2 91 21 93 50 95 11 97 61 99 84 101 9 103 81 105 8 107 26 109 29 111 89 113 57 115 109 117 81 119 27 121
462 231
1 1 3 1 5 3 7 8 9 6 11 12 13 2 15 3 17 3 19 20 21 11 23 1 25 4 27 25 29 26 31 24 33 17 35 28 37 23 39 32 41 6 43 3 45 27 47 26 49 27 51 16 53 47 55 34 57 15 59 52 61 46 63 52 65 50 67 35 69 6 71 24 73 30 75 18 77 59 79 31 81 52 83 33 85 44 87 42 89 77 91 6 93 79 95 44 97 9 99 46 101 65 103 77 105 84 107 45 109 100 111 42 113 59 115 74 117 113 119 26 121 93 123 42 125 52 127 34 129 95 131 14 133 114 135 91 137 21 139 136 141 83 143 9 145 121 147 87 149 69 151 3 153 87 155 153 157 131 159 146 161 5 163 62 165 120 167 56 169 19 171 75 173 3 175 16 177 102 179 66 181 116 183 28 185 78 187 152 189 66 191 138 193 182 195 9 197 142 199 88 201 143 203 141 205 17 207 191 209 179 211 115 213 79 215 67 217 104 219 164 221 10 223 217 225 144 227 180 229 183 231 78 233 169 235 186 237 80 239 5 241 148 243 51 245 103 247 236 249 175 251 244 253 87 255 109 257 68 259 68 261 260 263 20 265 61 267 197 269 49 271 148 273 270 275 274 277 91 279 150 281 55 283 187 285 138 287 287 289 3 291 138 293 131 295 27 297 254 299 118 301 286 303 213 305 74 307 166 309 236 311 257 313 260 315 184 317 89 319 136 321 181 323 171 325 119 327 56 329 244 331 131 333 173 335 80 337 38 339 317 341 154 343 155 345 196 347 156 349 206 351 7 353 200 355 133 357 186 359 154 361 168 363 75 365 37 367 88 369 315 371 360 373 59 375 201 377 192 379 159 381 313 383 179 385 246 387 17 389 249 391 294 393 153 395 74 397 147 399 98 401 298 403 257 405 314 407 6 409 40 411 175 413 202 415 294 417 36 419 216 421 84 423 54 425 240 427 103 429 382 431 280 433 304 435 19 437 180 439 217 441 150 443 265 445 354 447 351 449 144 451 189 453 116 455 424 457 419 459 228 461
194 95
1 1 3 3 5 5 7 4 9 3 11 9 13 10 15 8 17 15 19 8 21 18 23 6 25 21 27 15 29 9 31 8 33 6 35 20 37 27 39 15 41 7 43 26 45 38 47 13 49 24 51 45 53 39 55 8 57 21 59 55 61 53 63 35 65 20 67 16 69 45 71 27 73 50 75 2 77 48 79 53 81 71 83 81 85 7 87 60 89 55 91 23 93 92 95 28 97 67 99 52 101 92 103 49 105 18 107 26 109 43 111 54 113 71 115 7 117 3 119 8 121 22 123 43 125 28 127 75 129 121 131 8 133 85 135 61 137 58 139 46 141 80 143 93 145 54 147 110 149 20 151 9 153 50 155 81 157 88 159 87 161 121 163 33 165 30 167 42 169 13 171 130 173 52 175 2 177 153 179 163 181 8 183 127 185 186 187 8 189 116 191 97 193
89 44
1 2 3 2 5 4 7 1 9 5 11 3 13 14 15 2 17 2 19 17 21 4 23 8 25 10 27 23 29 6 31 11 33 21 35 35 37 34 39 10 41 27 43 29 45 30 47 31 49 36 51 23 53 47 55 53 57 56 59 25 61 4 63 53 65 58 67 52 69 51 71 10 73 19 75 53 77 58 79 57 81 25 83 69 85 13 87 81
254 128
1 1 3 2 5 4 7 2 9 9 11 4 13 13 15 3 17 3 19 4 21 2 23 4 25 26 27 20 29 1 31 10 33 32 35 18 37 6 39 25 41 26 43 9 45 18 47 27 49 27 51 18 53 42 55 26 57 32 59 48 61 14 63 49 65 13 67 17 69 2 71 17 73 3 75 56 77 55 79 44 81 79 83 83 85 15 87 45 89 32 91 1 93 60 95 23 97 86 99 32 101 33 103 24 105 88 107 56 109 108 111 98 113 114 115 35 117 110 119 11 121 1 123 88 125 97 127 97 129 124 131 8 133 116 135 59 137 26 139 56 141 63 143 128 145 30 147 123 149 26 151 33 153 86 155 70 157 100 159 36 161 113 163 56 165 146 167 120 169 155 171 90 173 64 175 28 177 117 179 56 181 27 183 56 185 174 187 74 189 181 191 142 193 119 195 166 197 181 199 38 201 196 203 56 205 111 207 156 209 96 211 50 213 174 215 15 217 79 219 9 221 199 223 148 225 178 227 108 229 135 231 153 233 139 235 35 237 47 239 180 241 100 243 185 245 54 247 201 249 222 251 189 253
468 233
1 2 3 1 5 1 7 5 9 7 11 2 13 13 15 7 17 14 19 18 21 18 23 24 25 17 27 10 29 6 31 12 33 25 35 18 37 13 39 27 41 22 43 30 45 8 47 1 49 12 51 26 53 30 55 1 57 42 59 22 61 17 63 36 65 44 67 16 69 19 71 52 73 64 75 20 77 72 79 61 81 21 83 51 85 8 87 82 89 62 91 43 93 15 95 84 97 32 99 57 101 19 103 86 105 9 107 25 109 48 111 112 113 45 115 96 117 101 119 55 121 35 123 69 125 81 127 45 129 27 131 30 133 126 135 97 137 78 139 47 141 16 143 132 145 131 147 130 149 148 151 75 153 43 155 135 157 49 159 135 161 77 163 46 165 83 167 163 169 150 171 10 173 59 175 122 177 152 179 74 181 37 183 100 185 144 187 176 189 79 191 173 193 46 195 119 197 170 199 57 201 109 203 175 205 121 207 151 209 84 211 2 213 24 215 14 217 104 219 131 221 95 223 102 225 97 227 96 229 52 231 15 233 65 235 80 237 158 239 63 241 46 243 238 245 132 247 115 249 12 251 114 253 103 255 249 257 233 259 23 261 176 263 74 265 77 267 27 269 264 271 148 273 192 275 141 277 106 279 56 281 184 283 234 285 240 287 236 289 276 291 237 293 166 295 61 297 199 299 75 301 243 303 66 305 6 307 20 309 255 311 298 313 38 315 23 317 168 319 40 321 262 323 55 325 300 327 170 329 243 331 138 333 258 335 165 337 121 339 308 341 142 343 232 345 213 347 249 349 41 351 226 353 166 355 252 357 285 359 26 361 243 363 92 365 178 367 58 369 187 371 177 373 151 375 245 377 182 379 157 381 83 383 161 385 33 387 78 389 278 391 49 393 52 395 131 397 300 399 246 401 130 403 71 405 18 407 207 409 88 411 186 413 240 415 73 417 78 419 131 421 242 423 177 425 344 427 227 429 406 431 378 433 47 435 403 437 350 439 180 441 165 443 252 445 181 447 26 449 187 451 8 453 93 455 288 457 82 459 366 461 130 463 305 465 6 467
476 238
1 2 3 2 5 3 7 4 9 6 11 3 13 4 15 3 17 12 19 17 21 1 23 12 25 13 27 20 29 3 31 10 33 1 35 14 37 14 39 15 41 40 43 26 45 12 47 23 49 5 51 46 53 4 55 2 57 46 59 56 61 62 63 7 65 38 67 13 69 28 71 17 73 13 75 51 77 68 79 27 81 38 83 3 85 42 87 84 89 58 91 33 93 76 95 77 97 43 99 69 101 1 103 51 105 64 107 24 109 26 111 8 113 99 115 34 117 65 119 92 121 25 123 25 125 4 127 79 129 32 131 107 133 116 135 128 137 120 139 140 141 84 143 66 145 101 147 43 149 138 151 62 153 121 155 149 157 83 159 146 161 104 163 77 165 156 167 129 169 6 171 70 173 116 175 129 177 15 179 116 181 161 183 118 185 105 187 65 189 100 191 115 193 37 195 95 197 195 199 177 201 179 203 11 205 74 207 77 209 11 211 7 213 121 215 49 217 140 219 214 221 64 223 25 225 69 227 146 229 62 231 107 233 129 235 194 237 142 239 211 241 122 243 18 245 190 247 54 249 76 251 25 253 239 255 60 257 247 259 102 261 221 263 247 265 6 267 105 269 224 271 32 273 266 275 112 277 20 279 82 281 44 283 181 285 73 287 255 289 23 291 142 293 108 295 73 297 82 299 26 301 169 303 160 305 233 307 272 309 296 311 221 313 66 315 205 317 237 319 245 321 102 323 173 325 317 327 83 329 192 331 290 333 199 335 31 337 66 339 232 341 102 343 158 345 136 347 149 349 147 351 311 353 166 355 31 357 261 359 198 361 308 363 114 365 169 367 357 369 96 371 86 373 242 375 343 377 222 379 117 381 217 383 200 385 319 387 123 389 88 391 17 393 326 395 262 397 77 399 32 401 98 403 59 405 380 407 385 409 367 411 246 413 295 415 25 417 75 419 221 421 144 423 216 425 14 427 335 429 236 431 78 433 242 435 354 437 77 439 268 441 288 443 205 445 33 447 410 449 398 451 48 453 164 455 80 457 283 459 158 461 335 463 182 465 348 467 98 469 290 471 255 473 456 475
408 202
1 2 3 3 5 4 7 7 9 6 11 1 13 14 15 10 17 3 19 4 21 19 23 3 25 1 27 3 29 25 31 26 33 18 35 36 37 11 39 31 41 2 43 40 45 27 47 17 49 40 51 13 53 21 55 32 57 13 59 16 61 9 63 43 65 50 67 25 69 54 71 66 73 19 75 28 77 39 79 51 81 76 83 35 85 46 87 28 89 9 91 14 93 47 95 56 97 78 99 85 101 26 103 93 105 2 107 8 109 10 111 20 113 110 115 39 117 69 119 57 121 6 123 103 125 1 127 101 129 40 131 130 133 9 135 73 137 24 139 125 141 102 143 62 145 110 147 11 149 83 151 151 153 146 155 10 157 149 159 121 161 147 163 45 165 78 167 166 169 3 171 91 173 88 175 9 177 114 179 150 181 118 183 41 185 167 187 5 189 37 191 100 193 144 195 163 197 13 199 91 201 84 203 200 205 202 207 145 209 149 211 196 213 15 215 60 217 78 219 7 221 99 223 150 225 225 227 113 229 160 231 8 233 174 235 85 237 53 239 132 241 182 243 83 245 18 247 218 249 65 251 174 253 243 255 8 257 161 259 58 261 135 263 133 265 78 267 163 269 91 271 34 273 40 275 183 277 198 279 213 281 240 283 71 285 192 287 267 289 136 291 62 293 54 295 55 297 251 299 230 301 158 303 189 305 53 307 106 309 76 311 176 313 306 315 34 317 60 319 143 321 31 323 53 325 317 327 206 329 56 331 122 333 98 335 132 337 233 339 101 341 28 343 222 345 216 347 94 349 55 351 9 353 291 355 229 357 52 359 16 361 4 363 287 365 71 367 265 369 109 371 281 373 129 375 316 377 53 379 163 381 314 383 26 385 50 387 315 389 6 391 354 393 207 395 86 397 218 399 39 401 290 403 317 405 397 407
116 57
1 1 3 2 5 2 7 2 9 10 11 6 13 10 15 4 17 9 19 19 21 22 23 19 25 22 27 4 29 14 31 29 33 20 35 2 37 1 39 7 41 13 43 40 45 12 47 26 49 25 51 43 53 28 55 6 57 10 59 42 61 16 63 7 65 3 67 39 69 11 71 36 73 60 75 14 77 46 79 25 81 41 83 81 85 79 87 71 89 63 91 33 93 9 95 27 97 61 99 9 101 31 103 87 105 72 107 95 109 43 111 94 113 62 115
155 76
1 2 3 3 5 1 7 1 9 6 11 9 13 14 15 4 17 6 19 1 21 1 23 1 25 10 27 6 29 28 31 24 33 5 35 2 37 22 39 3 41 4 43 22 45 33 47 30 49 49 51 5 53 6 55 13 57 31 59 39 61 24 63 62 65 26 67 1 69 43 71 50 73 48 75 4 77 55 79 5 81 75 83 28 85 31 87 67 89 29 91 16 93 88 95 17 97 5 99 45 101 49 103 23 105 97 107 38 109 27 111 40 113 13 115 53 117 56 119 63 121 75 123 60 125 124 127 5 129 127 131 107 133 126 135 97 137 130 139 104 141 6 143 123 145 46 147 100 149 84 151 26 153 49
216 106
1 2 3 4 5 6 7 2 9 4 11 10 13 8 15 13 17 16 19 14 21 12 23 7 25 5 27 2 29 27 31 28 33 1 35 20 37 17 39 36 41 6 43 38 45 16 47 29 49 1 51 20 53 7 55 29 57 8 59 25 61 61 63 39 65 64 67 12 69 37 71 64 73 6 75 27 77 60 79 21 81 31 83 48 85 25 87 24 89 38 91 86 93 39 95 60 97 15 99 55 101 95 103 59 105 6 107 7 109 71 111 45 113 86 115 83 117 54 119 80 121 39 123 71 125 112 127 11 129 7 131 95 133 80 135 132 137 98 139 10 141 61 143 104 145 120 147 127 149 55 151 87 153 58 155 75 157 19 159 145 161 120 163 57 165 19 167 140 169 146 171 72 173 157 175 5 177 6 179 130 181 57 183 173 185 136 187 108 189 96 191 122 193 96 195 104 197 101 199 177 201 180 203 58 205 199 207 205 209 94 211 164 213 135 215
396 198
1 2 3 1 5 1 7 3 9 8 11 3 13 7 15 3 17 16 19 13 21 7 23 14 25 3 27 27 29 18 31 6 33 33 35 33 37 35 39 38 41 37 43 19 45 19 47 17 49 3 51 6 53 33 55 13 57 54 59 18 61 32 63 46 65 62 67 65 69 66 71 70 73 62 75 47 77 11 79 42 81 38 83 23 85 81 87 12 89 16 91 10 93 58 95 58 97 41 99 41 101 54 103 60 105 40 107 97 109 14 111 62 113 53 115 46 117 29 119 48 121 110 123 50 125 57 127 124 129 29 131 94 133 70 135 106 137 121 139 37 141 99 143 126 145 128 147 46 149 27 151 112 153 132 155 27 157 38 159 76 161 74 163 146 165 97 167 65 169 161 171 89 173 47 175 82 177 21 179 108 181 116 183 131 185 105 187 102 189 24 191 102 193 171 195 130 197 79 199 137 201 69 203 42 205 130 207 208 209 201 211 160 213 32 215 151 217 125 219 20 221 130 223 113 225 158 227 145 229 107 231 122 233 220 235 52 237 156 239 162 241 157 243 241 245 73 247 135 249 212 251 79 253 177 255 240 257 84 259 203 261 235 263 103 265 253 267 152 269 76 271 149 273 97 275 237 277 102 279 23 281 88 283 258 285 193 287 87 289 119 291 268 293 285 295 252 297 208 299 41 301 151 303 186 305 70 307 148 309 278 311 177 313 188 315 280 317 32 319 100 321 12 323 50 325 37 327 297 329 147 331 236 333 316 335 176 337 224 339 41 341 313 343 241 345 153 347 317 349 111 351 105 353 143 355 259 357 284 359 191 361 327 363 75 365 197 367 158 369 103 371 340 373 45 375 235 377 245 379 172 381 282 383 186 385 251 387 190 389 157 391 200 393 243 395
272 136
1 2 3 4 5 3 7 7 9 6 11 3 13 14 15 8 17 15 19 11 21 8 23 12 25 23 27 4 29 1 31 2 33 13 35 5 37 31 39 22 41 14 43 34 45 15 47 35 49 39 51 31 53 37 55 13 57 5 59 19 61 14 63 5 65 3 67 55 69 22 71 2 73 41 75 29 77 8 79 39 81 25 83 75 85 69 87 69 89 2 91 68 93 33 95 2 97 11 99 81 101 55 103 94 105 84 107 25 109 19 111 61 113 93 115 55 117 56 119 81 121 104 123 98 125 114 127 5 129 113 131 30 133 54 135 5 137 101 139 14 141 18 143 47 145 9 147 127 149 80 151 137 153 68 155 116 157 88 159 70 161 132 163 43 165 42 167 7 169 116 171 59 173 104 175 138 177 60 179 133 181 147 183 110 185 110 187 11 189 93 191 154 193 153 195 104 197 90 199 175 201 89 203 126 205 74 207 156 209 198 211 160 213 167 215 61 217 12 219 184 221 90 223 155 225 66 227 57 229 183 231 95 233 201 235 197 237 5 239 217 241 103 243 166 245 3 247 117 249 94 251 160 253 104 255 57 257 128 259 65 261 218 263 203 265 58 267 125 269 54 271
462 232
1 2 3 1 5 4 7 2 9 6 11 12 13 12 15 7 17 6 19 19 21 7 23 19 25 24 27 15 29 29 31 25 33 10 35 28 37 17 39 25 41 42 43 32 45 15 47 39 49 16 51 33 53 22 55 11 57 9 59 19 61 40 63 31 65 38 67 16 69 58 71 24 73 66 75 7 77 55 79 9 81 78 83 8 85 41 87 40 89 13 91 19 93 14 95 57 97 62 99 68 101 38 103 89 105 49 107 108 109 45 111 77 113 7 115 21 117 87 119 16 121 20 123 13 125 72 127 3 129 108 131 47 133 79 135 133 137 124 139 124 141 128 143 113 145 144 147 113 149 144 151 59 153 143 155 91 157 95 159 19 161 74 163 2 165 95 167 120 169 35 171 170 173 33 175 3 177 6 179 139 181 45 183 53 185 31 187 77 189 134 191 170 193 66 195 56 197 121 199 200 201 189 203 61 205 110 207 21 209 67 211 129 213 191 215 150 217 38 219 180 221 166 223 14 225 118 227 89 229 183 231 93 233 19 235 168 237 40 239 176 241 42 243 42 245 106 247 52 249 122 251 249 253 52 255 245 257 37 259 155 261 36 263 253 265 126 267 11 269 160 271 168 273 231 275 228 277 112 279 75 281 82 283 46 285 172 287 226 289 148 291 36 293 86 295 240 297 167 299 220 301 128 303 195 305 238 307 86 309 217 311 130 313 189 315 160 317 139 319 264 321 253 323 222 325 320 327 290 329 305 331 292 333 331 335 92 337 120 339 333 341 291 343 267 345 255 347 185 349 322 351 221 353 351 355 147 357 137 359 16 361 286 363 290 365 87 367 180 369 243 371 171 373 297 375 37 377 352 379 110 381 248 383 267 385 95 387 292 389 68 391 265 393 121 395 96 397 252 399 174 401 291 403 108 405 281 407 331 409 178 411 210 413 38 415 101 417 69 419 282 421 171 423 401 425 161 427 279 429 16 431 67 433 199 435 41 437 252 439 247 441 173 443 330 445 294 447 287 449 184 451 325 453 87 455 63 457 35 459 61 461
446 224
1 1 3 3 5 4 7 6 9 5 11 4 13 4 15 13 17 11 19 4 21 16 23 11 25 25 27 28 29 27 31 25 33 30 35 11 37 12 39 7 41 3 43 31 45 38 47 47 49 37 51 14 53 34 55 9 57 22 59 33 61 25 63 11 65 12 67 18 69 9 71 5 73 29 75 61 77 46 79 55 81 80 83 60 85 22 87 9 89 15 91 56 93 43 95 2 97 88 99 6 101 88 103 7 105 36 107 98 109 16 111 67 113 108 115 15 117 22 119 54 121 4 123 8 125 91 127 29 129 56 131 108 133 38 135 82 137 121 139 64 141 102 143 48 145 72 147 54 149 87 151 40 153 24 155 52 157 113 159 59 161 81 163 66 165 87 167 53 169 39 171 97 173 35 175 109 177 3 179 104 181 60 183 9 185 38 187 161 189 93 191 101 193 25 195 116 197 4 199 142 201 137 203 61 205 73 207 39 209 168 211 89 213 54 215 111 217 92 219 126 221 123 223 158 225 144 227 216 229 133 231 100 233 172 235 102 237 233 239 16 241 191 243 205 245 59 247 34 249 91 251 215 253 70 255 251 257 234 259 198 261 66 263 225 265 5 267 264 269 72 271 53 273 15 275 230 277 99 279 273 281 17 283 274 285 176 287 41 289 164 291 165 293 247 295 1 297 78 299 46 301 177 303 302 305 92 307 85 309 214 311 153 313 205 315 15 317 118 319 253 321 81 323 266 325 59 327 147 329 129 331 252 333 203 335 237 337 126 339 2 341 2 343 16 345 47 347 49 349 250 351 57 353 240 355 352 357 258 359 167 361 335 363 233 365 29 367 160 369 9 371 234 373 291 375 150 377 374 379 48 381 377 383 214 385 187 387 135 389 51 391 362 393 26 395 15 397 266 399 65 401 382 403 62 405 384 407 247 409 97 411 279 413 58 415 293 417 336 419 118 421 351 423 295 425 157 427 25 429 6 431 265 433 421 435 139 437 125 439 183 441 229 443 272 445
496 248
1 1 3 3 5 5 7 1 9 10 11 8 13 8 15 10 17 4 19 15 21 20 23 14 25 18 27 28 29 2 31 16 33 25 35 33 37 19 39 20 41 14 43 39 45 34 47 8 49 33 51 24 53 20 55 17 57 52 59 50 61 20 63 17 65 42 67 9 69 69 71 6 73 46 75 73 77 37 79 22 81 53 83 79 85 32 87 10 89 30 91 49 93 27 95 80 97 86 99 86 101 52 103 95 105 99 107 61 109 8 111 57 113 76 115 91 117 70 119 14 121 40 123 16 125 80 127 77 129 107 131 124 133 101 135 55 137 48 139 74 141 8 143 36 145 83 147 26 149 101 151 118 153 134 155 79 157 23 159 113 161 157 163 74 165 76 167 114 169 60 171 109 173 58 175 29 177 163 179 99 181 129 183 171 185 47 187 73 189 95 191 85 193 94 195 108 197 123 199 177 201 29 203 103 205 85 207 26 209 188 211 87 213 28 215 178 217 181 219 4 221 67 223 32 225 12 227 193 229 54 231 38 233 13 235 53 237 145 239 193 241 60 243 205 245 152 247 145 249 106 251 178 253 23 255 10 257 234 259 139 261 8 263 74 265 50 267 42 269 101 271 147 273 255 275 47 277 193 279 224 281 218 283 25 285 195 287 28 289 139 291 194 293 256 295 6 297 21 299 235 301 162 303 79 305 228 307 69 309 152 311 236 313 17 315 306 317 154 319 225 321 185 323 35 325 134 327 155 329 43 331 201 333 96 335 115 337 258 339 173 341 225 343 200 345 268 347 158 349 204 351 75 353 195 355 120 357 262 359 224 361 234 363 51 365 102 367 92 369 62 371 85 373 117 375 109 377 321 379 52 381 245 383 252 385 86 387 278 389 209 391 298 393 391 395 396 397 26 399 274 401 396 403 45 405 379 407 238 409 383 411 128 413 72 415 92 417 364 419 244 421 152 423 158 425 147 427 180 429 95 431 147 433 228 435 8 437 342 439 97 441 1 443 231 445 335 447 237 449 218 451 362 453 410 455 232 457 424 459 202 461 422 463 24 465 366 467 240 469 379 471 265 473 132 475 93 477 46 479 274 481 229 483 194 485 356 487 210 489 312 491 342 493 396 495
407 201
1 1 3 2 5 5 7 7 9 8 11 2 13 1 15 16 17 15 19 11 21 12 23 18 25 18 27 11 29 27 31 9 33 31 35 8 37 21 39 35 41 8 43 31 45 1 47 27 49 31 51 28 53 25 55 48 57 12 59 7 61 33 63 53 65 31 67 8 69 16 71 22 73 42 75 17 77 26 79 35 81 65 83 25 85 54 87 7 89 85 91 4 93 29 95 43 97 97 99 56 101 98 103 57 105 85 107 106 109 48 111 40 113 27 115 25 117 104 119 15 121 66 123 121 125 5 127 117 129 4 131 33 133 9 135 33 137 133 139 26 141 131 143 86 145 146 147 22 149 80 151 53 153 151 155 94 157 22 159 18 161 72 163 32 165 88 167 160 169 3 171 51 173 116 175 137 177 162 179 116 181 2 183 130 185 111 187 123 189 120 191 54 193 20 195 177 197 61 199 146 201 100 203 169 205 28 207 119 209 194 211 178 213 153 215 27 217 121 219 59 221 118 223 161 225 66 227 58 229 83 231 28 233 40 235 207 237 120 239 35 241 1 243 240 245 154 247 6 249 20 251 16 253 200 255 2 257 68 259 123 261 144 263 7 265 40 267 7 269 185 271 74 273 53 275 98 277 47 279 181 281 34 283 18 285 281 287 234 289 230 291 67 293 192 295 29 297 34 299 218 301 223 303 125 305 182 307 223 309 125 311 247 313 269 315 109 317 300 319 196 321 309 323 63 325 66 327 121 329 278 331 320 333 194 335 19 337 175 339 211 341 284 343 334 345 71 347 267 349 194 351 344 353 2 355 300 357 341 359 312 361 278 363 172 365 167 367 276 369 291 371 228 373 133 375 240 377 293 379 158 381 51 383 351 385 232 387 55 389 342 391 292 393 240 395 334 397 150 399 366 401 393 403 67 405 97
320 161
1 2 3 3 5 5 7 3 9 10 11 4 13 5 15 2 17 14 19 7 21 19 23 21 25 15 27 25 29 4 31 15 33 31 35 7 37 10 39 17 41 42 43 29 45 45 47 8 49 40 51 6 53 21 55 6 57 24 59 34 61 59 63 32 65 10 67 24 69 32 71 23 73 18 75 75 77 8 79 15 81 17 83 36 85 18 87 62 89 65 91 38 93 25 95 86 97 4 99 48 101 100 103 64 105 18 107 89 109 109 111 32 113 76 115 10 117 82 119 118 121 73 123 5 125 35 127 5 129 8 131 21 133 96 135 21 137 134 139 64 141 131 143 70 145 85 147 101 149 79 151 110 153 20 155 68 157 152 159 85 161 117 163 150 165 82 167 99 169 80 171 149 173 129 175 146 177 120 179 6 181 10 183 47 185 14 187 23 189 59 191 57 193 123 195 66 197 114 199 116 201 14 203 116 205 176 207 133 209 89 211 151 213 150 215 185 217 122 219 101 221 34 223 221 225 226 227 143 229 126 231 231 233 200 235 88 237 15 239 57 241 200 243 1 245 151 247 236 249 200 251 146 253 116 255 118 257 122 259 225 261 35 263 212 265 27 267 32 269 12 271 72 273 12 275 248 277 267 279 242 281 55 283 19 285 252 287 251 289 78 291 15 293 23 295 148 297 101 299 159 301 265 303 54 305 194 307 243 309 83 311 183 313 120 315 292 317 224 319
183 90
1 2 3 2 5 1 7 7 9 1 11 2 13 7 15 14 17 16 19 19 21 7 23 23 25 24 27 28 29 18 31 9 33 27 35 27 37 18 39 37 41 24 43 14 45 19 47 37 49 33 51 41 53 54 55 2 57 39 59 53 61 27 63 45 65 40 67 33 69 23 71 63 73 69 75 33 77 74 79 44 81 26 83 56 85 7 87 26 89 24 91 24 93 80 95 10 97 55 99 87 101 76 103 34 105 74 107 32 109 55 111 104 113 106 115 9 117 30 119 109 121 45 123 49 125 79 127 41 129 76 131 8 133 54 135 106 137 78 139 91 141 125 143 109 145 87 147 32 149 125 151 137 153 141 155 63 157 131 159 106 161 23 163 131 165 19 167 18 169 100 171 26 173 110 175 173 177 155 179 103 181 171
450 225
1 2 3 2 5 6 7 8 9 1 11 12 13 12 15 4 17 2 19 18 21 5 23 4 25 19 27 15 29 20 31 31 33 33 35 30 37 24 39 32 41 8 43 44 45 19 47 25 49 30 51 15 53 22 55 50 57 46 59 26 61 6 63 32 65 6 67 37 69 19 71 27 73 7 75 20 77 38 79 22 81 66 83 5 85 9 87 15 89 12 91 59 93 32 95 86 97 33 99 51 101 17 103 32 105 98 107 44 109 69 111 83 113 20 115 13 117 3 119 51 121 72 123 73 125 73 127 110 129 12 131 68 133 85 135 70 137 121 139 32 141 113 143 114 145 124 147 67 149 130 151 60 153 55 155 75 157 36 159 107 161 86 163 92 165 129 167 61 169 1 171 49 173 94 175 64 177 129 179 143 181 49 183 56 185 11 187 138 189 159 191 3 193 111 195 163 197 115 199 93 201 42 203 133 205 199 207 122 209 143 211 78 213 74 215 76 217 183 219 104 221 177 223 215 225 52 227 146 229 184 231 122 233 216 235 169 237 78 239 76 241 118 243 230 245 114 247 49 249 14 251 104 253 135 255 142 257 106 259 95 261 157 263 60 265 172 267 252 269 208 271 221 273 217 275 186 277 267 279 46 281 160 283 271 285 104 287 154 289 122 291 137 293 249 295 54 297 257 299 135 301 15 303 191 305 212 307 79 309 244 311 156 313 127 315 120 317 274 319 104 321 97 323 125 325 307 327 186 329 103 331 94 333 8 335 174 337 210 339 160 341 189 343 99 345 259 347 11 349 52 351 222 353 71 355 84 357 187 359 356 361 143 363 201 365 197 367 175 369 237 371 240 373 113 375 24 377 7 379 380 381 47 383 145 385 141 387 80 389 86 391 250 393 27 395 127 397 393 399 248 401 386 403 105 405 218 407 403 409 236 411 187 413 361 415 54 417 322 419 84 421 46 423 98 425 315 427 280 429 272 431 5 433 98 435 372 437 41 439 178 441 72 443 28 445 48 447 303 449
466 232
1 2 3 3 5 3 7 6 9 8 11 11 13 5 15 8 17 1 19 12 21 17 23 7 25 19 27 7 29 11 31 31 33 15 35 17 37 15 39 5 41 14 43 41 45 44 47 7 49 26 51 6 53 16 55 45 57 53 59 60 61 49 63 7 65 3 67 59 69 7 71 17 73 74 75 63 77 2 79 51 81 12 83 49 85 68 87 30 89 49 91 47 93 26 95 29 97 27 99 99 101 35 103 51 105 95 107 11 109 11 111 29 113 13 115 6 117 82 119 37 121 53 123 62 125 119 127 16 129 11 131 40 133 39 135 50 137 27 139 123 141 3 143 34 145 99 147 6 149 109 151 22 153 141 155 64 157 151 159 8 161 7 163 113 165 27 167 148 169 50 171 45 173 35 175 89 177 132 179 117 181 14 183 122 185 168 187 31 189 78 191 186 193 44 195 39 197 13 199 138 201 115 203 71 205 19 207 23 209 153 211 196 213 60 215 52 217 88 219 106 221 16 223 20 225 40 227 159 229 10 231 131 233 104 235 136 237 224 239 232 241 77 243 72 245 171 247 244 249 243 251 211 253 190 255 11 257 240 259 234 261 81 263 39 265 219 267 69 269 52 271 105 273 106 275 107 277 90 279 38 281 242 283 209 285 277 287 163 289 199 291 233 293 175 295 140 297 203 299 183 301 40 303 219 305 265 307 157 309 293 311 282 313 172 315 126 317 117 319 258 321 63 323 113 325 261 327 133 329 63 331 170 333 318 335 108 337 245 339 139 341 200 343 159 345 279 347 75 349 250 351 269 353 291 355 65 357 44 359 348 361 102 363 23 365 300 367 144 369 233 371 312 373 34 375 329 377 312 379 126 381 322 383 368 385 89 387 333 389 340 391 156 393 303 395 334 397 198 399 125 401 268 403 176 405 22 407 32 409 157 411 264 413 199 415 337 417 284 419 29 421 62 423 214 425 248 427 153 429 217 431 27 433 422 435 306 437 48 439 48 441 94 443 175 445 13 447 262 449 327 451 240 453 189 455 411 457 288 459 307 461 236 463 392 465
146 74
1 2 3 3 5 4 7 4 9 1 11 8 13 7 15 9 17 2 19 14 21 6 23 5 25 22 27 5 29 9 31 28 33 30 35 4 37 7 39 7 41 36 43 6 45 19 47 44 49 33 51 37 53 52 55 19 57 32 59 25 61 30 63 1 65 50 67 8 69 52 71 11 73 21 75 39 77 37 79 51 81 4 83 61 85 72 87 66 89 15 91 66 93 44 95 15 97 96 99 100 101 92 103 75 105 28 107 107 109 53 111 6 113 110 115 32 117 98 119 47 121 11 123 46 125 44 127 9 129 36 131 126 133 26 135 39 137 38 139 99 141 53 143 34 145
374 185
1 1 3 4 5 1 7 7 9 10 11 5 13 9 15 5 17 3 19 5 21 14 23 5 25 11 27 5 29 30 31 20 33 11 35 34 37 2 39 14 41 41 43 11 45 1 47 38 49 25 51 13 53 16 55 45 57 2 59 11 61 17 63 13 65 26 67 38 69 22 71 28 73 42 75 52 77 12 79 72 81 17 83 8 85 57 87 2 89 81 91 55 93 21 95 93 97 77 99 30 101 68 103 18 105 68 107 60 109 70 111 63 113 84 115 49 117 26 119 12 121 116 123 38 125 77 127 76 129 121 131 129 133 52 135 123 137 49 139 110 141 118 143 52 145 84 147 109 149 140 151 146 153 137 155 107 157 70 159 143 161 60 163 83 165 139 167 26 169 135 171 154 173 7 175 75 177 79 179 38 181 48 183 31 185 106 187 181 189 25 191 73 193 15 195 137 197 16 199 126 201 142 203 87 205 48 207 153 209 95 211 118 213 104 215 178 217 128 219 204 221 184 223 47 225 84 227 228 229 66 231 20 233 65 235 3 237 195 239 6 241 37 243 119 245 135 247 132 249 234 251 138 253 21 255 60 257 194 259 49 261 220 263 143 265 79 267 4 269 77 271 25 273 2 275 74 277 19 279 44 281 279 283 211 285 276 287 29 289 15 291 120 293 184 295 200 297 13 299 144 301 240 303 98 305 49 307 166 309 199 311 175 313 49 315 26 317 212 319 119 321 299 323 154 325 141 327 48 329 228 331 293 333 235 335 155 337 307 339 9 341 158 343 179 345 339 347 333 349 32 351 281 353 230 355 309 357 187 359 346 361 192 363 86 365 82 367 54 369 330 371 184 373
16 8
1 1 3 2 5 4 7 4 9 6 11 9 13 7 15
174 87
1 2 3 4 5 6 7 1 9 7 11 3 13 10 15 4 17 3 19 2 21 6 23 23 25 26 27 12 29 11 31 27 33 20 35 11 37 17 39 35 41 42 43 33 45 25 47 33 49 4 51 6 53 33 55 55 57 12 59 41 61 44 63 44 65 6 67 26 69 14 71 28 73 47 75 29 77 37 79 40 81 29 83 68 85 83 87 20 89 25 91 32 93 7 95 90 97 55 99 46 101 30 103 27 105 88 107 74 109 101 111 45 113 35 115 21 117 90 119 78 121 64 123 69 125 99 127 105 129 47 131 125 133 40 135 21 137 101 139 11 141 3 143 80 145 58 147 75 149 18 151 80 153 106 155 10 157 96 159 10 161 75 163 16 165 140 167 5 169 55 171 161 173
200 99
1 1 3 4 5 2 7 5 9 8 11 1 13 2 15 2 17 15 19 12 21 11 23 7 25 16 27 6 29 22 31 21 33 16 35 7 37 33 39 40 41 11 43 41 45 35 47 37 49 33 51 14 53 46 55 16 57 44 59 42 61 53 63 41 65 32 67 14 69 21 71 60 73 72 75 15 77 36 79 62 81 11 83 77 85 67 87 30 89 68 91 86 93 84 95 41 97 75 99 54 101 3 103 65 105 49 107 56 109 62 111 15 113 49 115 76 117 85 119 71 121 58 123 105 125 73 127 82 129 125 131 125 133 80 135 120 137 4 139 128 141 100 143 144 145 81 147 87 149 110 151 137 153 99 155 9 157 32 159 54 161 60 163 144 165 115 167 108 169 27 171 163 173 147 175 138 177 31 179 15 181 74 183 42 185 105 187 179 189 85 191 175 193 20 195 149 197 27 199
346 174
1 2 3 3 5 1 7 8 9 10 11 1 13 13 15 13 17 4 19 15 21 20 23 21 25 22 27 12 29 18 31 7 33 20 35 32 37 34 39 37 41 17 43 40 45 23 47 28 49 46 51 52 53 38 55 10 57 22 59 32 61 61 63 10 65 44 67 50 69 49 71 5 73 14 75 12 77 34 79 41 81 4 83 13 85 54 87 75 89 29 91 58 93 71 95 6 97 14 99 40 101 11 103 45 105 58 107 80 109 75 111 5 113 62 115 56 117 101 119 88 121 37 123 111 125 104 127 75 129 107 131 28 133 74 135 46 137 38 139 103 141 74 143 57 145 16 147 3 149 119 151 22 153 81 155 76 157 135 159 30 161 21 163 99 165 61 167 88 169 126 171 16 173 55 175 176 177 131 179 77 181 181 183 146 185 184 187 5 189 2 191 111 193 21 195 191 197 121 199 183 201 81 203 188 205 184 207 57 209 82 211 94 213 95 215 168 217 55 219 92 221 155 223 15 225 49 227 183 229 183 231 14 233 186 235 134 237 20 239 95 241 102 243 34 245 80 247 20 249 177 251 129 253 168 255 138 257 81 259 144 261 231 263 115 265 91 267 238 269 55 271 63 273 29 275 202 277 243 279 196 281 63 283 26 285 38 287 37 289 257 291 87 293 29 295 17 297 290 299 21 301 54 303 194 305 105 307 79 309 202 311 97 313 97 315 66 317 33 319 5 321 295 323 225 325 59 327 204 329 85 331 309 333 99 335 80 337 24 339 275 341 172 343 254 345
324 163
1 2 3 2 5 6 7 5 9 4 11 11 13 10 15 10 17 9 19 1 21 7 23 13 25 8 27 28 29 29 31 4 33 24 35 33 37 8 39 36 41 14 43 5 45 3 47 26 49 15 51 52 53 10 55 19 57 17 59 25 61 47 63 52 65 40 67 4 69 22 71 71 73 69 75 57 77 39 79 45 81 15 83 55 85 44 87 10 89 50 91 64 93 6 95 40 97 49 99 10 101 33 103 19 105 3 107 17 109 92 111 94 113 53 115 69 117 59 119 72 121 97 123 9 125 15 127 82 129 87 131 81 133 127 135 32 137 116 139 16 141 26 143 44 145 63 147 91 149 78 151 67 153 93 155 111 157 4 159 44 161 5 163 53 165 123 167 51 169 135 171 78 173 45 175 1 177 65 179 131 181 141 183 30 185 77 187 39 189 162 191 62 193 1 195 136 197 46 199 73 201 171 203 112 205 45 207 133 209 135 211 32 213 110 215 140 217 53 219 15 221 42 223 101 225 52 227 30 229 120 231 186 233 102 235 148 237 163 239 208 241 155 243 178 245 114 247 117 249 38 251 65 253 84 255 74 257 164 259 99 261 75 263 222 265 66 267 130 269 267 271 230 273 22 275 78 277 114 279 184 281 128 283 68 285 206 287 57 289 94 291 20 293 190 295 211 297 127 299 228 301 243 303 163 305 45 307 148 309 251 311 44 313 137 315 270 317 216 319 5 321 275 323
306 153
1 2 3 3 5 4 7 3 9 10 11 8 13 12 15 6 17 14 19 14 21 17 23 3 25 16 27 9 29 29 31 17 33 22 35 13 37 19 39 6 41 23 43 10 45 23 47 8 49 11 51 48 53 22 55 25 57 57 59 5 61 45 63 17 65 11 67 40 69 12 71 15 73 47 75 8 77 63 79 63 81 57 83 59 85 29 87 29 89 18 91 60 93 66 95 1 97 35 99 51 101 44 103 73 105 59 107 97 109 99 111 7 113 67 115 116 117 106 119 79 121 59 123 22 125 80 127 31 129 98 131 25 133 33 135 43 137 87 139 120 141 42 143 6 145 58 147 60 149 4 151 7 153 24 155 92 157 3 159 35 161 162 163 9 165 33 167 26 169 70 171 81 173 7 175 161 177 42 179 2 181 160 183 46 185 86 187 118 189 149 191 48 193 58 195 125 197 103 199 90 201 189 203 150 205 122 207 171 209 208 211 187 213 37 215 35 217 183 219 128 221 130 223 162 225 97 227 30 229 158 231 62 233 14 235 218 237 74 239 45 241 151 243 75 245 153 247 8 249 247 251 7 253 95 255 150 257 239 259 19 261 117 263 135 265 246 267 87 269 241 271 11 273 239 275 14 277 232 279 256 281 250 283 262 285 277 287 71 289 280 291 118 293 284 295 12 297 271 299 211 301 149 303 235 305
32 17
1 1 3 1 5 4 7 1 9 4 11 3 13 3 15 8 17 6 19 3 21 15 23 20 25 12 27 3 29 1 31
260 131
1 2 3 2 5 1 7 3 9 9 11 11 13 8 15 11 17 15 19 9 21 2 23 20 25 17 27 1 29 10 31 23 33 19 35 12 37 2 39 35 41 21 43 20 45 16 47 33 49 8 51 8 53 32 55 13 57 47 59 40 61 18 63 21 65 31 67 37 69 52 71 6 73 50 75 53 77 56 79 36 81 29 83 69 85 58 87 40 89 59 91 2 93 2 95 17 97 37 99 13 101 42 103 101 105 63 107 107 109 88 111 9 113 46 115 22 117 105 119 109 121 9 123 114 125 41 127 38 129 105 131 6 133 20 135 65 137 135 139 32 141 107 143 38 145 124 147 110 149 99 151 99 153 127 155 65 157 33 159 74 161 109 163 49 165 51 167 10 169 15 171 34 173 95 175 134 177 140 179 166 181 111 183 51 185 179 187 156 189 175 191 98 193 62 195 34 197 107 199 144 201 8 203 116 205 18 207 53 209 104 211 211 213 200 215 122 217 14 219 216 221 175 223 14 225 1 227 218 229 218 231 110 233 167 235 8 237 126 239 4 241 122 243 26 245 9 247 199 249 49 251 175 253 42 255 4 257 99 259
114 57
1 1 3 3 5 6 7 5 9 2 11 5 13 13 15 7 17 15 19 5 21 6 23 4 25 15 27 8 29 15 31 23 33 13 35 16 37 24 39 37 41 14 43 38 45 46 47 47 49 24 51 43 53 25 55 44 57 15 59 51 61 31 63 32 65 6 67 52 69 33 71 71 73 31 75 27 77 62 79 21 81 82 83 80 85 14 87 58 89 67 91 44 93 39 95 96 97 55 99 56 101 87 103 59 105 10 107 60 109 49 111 85 113
214 105
1 1 3 2 5 5 7 8 9 1 11 5 13 12 15 3 17 5 19 10 21 5 23 14 25 5 27 25 29 1 31 12 33 14 35 11 37 33 39 30 41 31 43 32 45 40 47 43 49 29 51 3 53 54 55 28 57 25 59 44 61 16 63 22 65 48 67 1 69 41 71 39 73 29 75 17 77 64 79 56 81 46 83 50 85 6 87 2 89 28 91 53 93 46 95 19 97 44 99 78 101 33 103 80 105 74 107 61 109 57 111 20 113 7 115 32 117 112 119 91 121 34 123 107 125 5 127 113 129 104 131 52 133 121 135 32 137 7 139 77 141 66 143 88 145 67 147 59 149 3 151 77 153 58 155 121 157 139 159 129 161 156 163 22 165 131 167 67 169 3 171 136 173 30 175 109 177 153 179 53 181 135 183 31 185 164 187 131 189 189 191 91 193 30 195 187 197 114 199 173 201 62 203 147 205 44 207 7 209 206 211 111 213
