100
2
6 12 6 3 5 3 2
54 56 56 49 52 51 50
2
6 12 6 3 5 3 2
56 54 52 51 48 51 50
2
6 12 6 3 5 3 2
54 58 54 51 52 49 50
2
6 12 6 3 5 3 2
53 57 62 51 54 53 50
2
6 12 6 3 5 3 2
55 53 62 51 54 53 50
2
6 12 6 3 5 3 2
55 57 52 51 54 53 50
64
3 3 3 0 2 1 0
21 35 42 64 70 95 25
5 7 5 4 3 1 0
47 78 60 23 68 70 30
95 46 63 94 77 16 74
3 3 2 2 1 2 1
99 86 71 69 5 23 89
1 1 1 1 1 1 1
77 96 86 14 55 14 60
1 2 1 1 1 1 1
1 4 2 1 2 1 1
2 3 4 0 2 1 0
46 42 90 34 78 70 73
4 6 6 3 3 2 1
4 6 5 3 3 3 2
7 4 5 2 1 3 0
60 21 14 63 11 76 0
2 3 3 1 1 0 0
57 85 16 34 94 2 8
98 30 27 5 20 81 36
1 0 0 0 0 0 0
0 1 2 0 1 0 0
0 0 0 0 0 0 0
33 34 47 39 48 41 56
62 80 33 7 7 12 39
4 2 2 1 0 2 0
1 51 15 87 60 50 52
48 58 65 2 61 7 5
61 57 45 92 28 36 0
55 65 56 10 32 82 34
4 5 3 2 2 2 1
4 6 7 3 4 4 3
3 30 19 32 5 82 86
3 1 3 1 1 3 1
50 23 52 21 2 95 35
0 0 0 0 0 0 0
1 2 1 1 1 0 0
95 31 9 81 69 23 56
4 2 5 0 2 0 0
4 3 3 2 2 1 1
34 87 47 50 26 41 16
1 2 1 1 0 0 0
9 89 76 97 81 18 97
5 2 3 2 2 3 2
95 36 76 20 75 0 85
6 2 2 1 0 2 0
1 3 1 1 0 0 0
92 81 45 97 9 10 77
1 2 1 1 1 0 0
3 5 5 1 4 2 1
89 8 62 36 82 73 6
33 13 12 17 27 95 14
1 5 5 1 3 1 1
4 5 4 4 3 3 3
3 3 1 2 0 1 0
93 42 78 72 64 45 26
1 0 0 0 0 0 0
72 42 50 8 45 27 30
40 16 31 14 41 37 0
2 1 2 1 1 2 1
3 3 3 2 1 1 1
61 29 8 30 23 43 39
2 0 1 0 0 1 0
0 2 3 0 2 0 0
97
12 98 42 55 85 66 96
37 58 8 96 51 82 95
12 20 32 61 70 55 100
11 9 12 3 5 7 2
12 50 96 30 53 72 87
96 15 99 33 50 28 70
30 82 36 14 22 76 12
8 7 8 4 3 3 1
68 88 79 99 9 42 35
82 92 92 36 53 10 72
61 20 34 85 15 46 74
1 17 88 87 76 14 67
90 59 24 88 5 73 57
6 5 4 4 1 2 0
7 7 9 2 2 4 1
2 3 3 2 2 1 1
16 77 21 92 94 77 4
3 3 4 2 2 2 1
5 2 4 1 0 3 0
41 11 14 49 35 44 51
4 10 10 2 6 2 1
67 62 63 71 13 82 79
8 8 6 5 3 3 1
7 9 10 4 5 6 3
3 2 5 0 1 2 0
13 18 4 72 46 7 77
12 9 5 4 2 4 1
11 10 8 4 4 5 1
5 3 4 1 2 2 1
2 8 6 2 4 1 1
6 7 9 1 5 3 1
8 6 9 1 3 4 0
0 0 0 0 0 0 0
3 4 3 3 1 1 1
43 26 12 34 64 88 13
11 10 11 4 6 6 2
7 4 7 2 2 3 0
1 5 2 1 2 0 0
16 27 75 53 75 26 48
7 10 8 4 7 3 3
21 46 29 88 28 81 3
76 32 100 51 35 11 15
9 8 8 4 4 5 2
26 84 2 42 53 65 1
4 3 4 1 1 2 0
68 53 84 62 23 20 96
8 6 9 2 5 5 2
9 64 37 69 8 48 57
3 2 2 1 0 2 0
24 11 51 60 56 6 30
10 13 9 7 4 5 2
74 37 84 58 57 60 45
2 2 1 1 0 1 0
3 3 2 3 2 2 2
5 6 4 3 1 3 1
4 2 1 2 1 1 1
8 10 8 6 4 2 1
84 23 58 72 18 18 28
61 59 26 82 15 78 4
22 74 29 42 57 15 40
7 10 9 3 6 1 0
19 37 71 7 97 52 69
46 51 51 77 89 52 66
100 8 14 61 43 25 95
35 2 12 96 35 84 93
87 94 56 94 52 21 97
25 15 24 24 88 91 26
67 15 37 29 75 30 89
7 8 11 3 6 3 2
58 69 85 33 72 21 63
76 56 61 44 80 21 19
27 3 45 50 92 67 81
49 75 6 64 92 80 36
76 21 45 83 46 40 34
48 95 83 48 93 68 87
6 6 10 3 4 6 3
1 0 1 0 0 1 0
62 88 5 47 36 68 31
2 1 1 1 1 1 1
94 60 50 54 37 8 9
7 9 9 3 2 4 0
9 10 8 5 6 5 4
35 45 80 78 44 39 1
45 59 3 55 78 67 63
92 47 47 27 95 90 25
71 93 20 57 4 22 87
24 93 99 48 30 55 23
3 4 2 2 1 1 1
62 61 69 12 66 35 38
6 5 3 2 1 1 0
98 86 51 29 82 68 22
82 39 43 14 98 61 9
50 27 22 25 39 49 80
2 32 21 97 58 32 65
1 0 2 0 0 0 0
17 14 73 46 37 75 47
4 4 1 1 1 0 0
100
5 6 8 3 5 3 2
14 12 14 9 8 8 6
53 32 46 33 3 56 17
1 2 0 1 0 0 0
6 15 10 2 8 2 2
4 4 4 2 3 3 2
4 6 6 2 2 2 0
1 2 1 1 1 1 1
61 22 90 73 24 95 77
84 90 56 95 18 68 46
77 31 70 44 20 42 42
55 28 94 82 50 91 43
99 48 57 58 18 30 82
92 10 18 78 38 67 69
93 40 15 78 88 70 56
99 18 36 72 83 9 81
2 1 3 0 1 2 0
11 8 12 5 4 6 2
52 42 92 55 14 63 26
14 10 15 3 7 8 2
89 55 78 8 20 57 37
17 51 66 58 17 66 4
50 60 18 84 30 37 81
2 2 1 2 1 1 1
9 10 11 3 5 6 2
74 44 74 68 77 97 67
0 2 2 0 2 0 0
58 0 19 43 78 78 22
19 15 12 9 6 10 5
27 1 83 9 63 100 14
1 61 31 18 31 38 72
42 28 35 34 40 67 64
11 7 11 6 5 9 5
5 5 6 2 2 4 1
1 0 1 0 0 1 0
14 16 10 8 6 4 2
15 10 16 5 5 7 1
23 49 72 87 32 78 8
42 69 95 86 73 93 50
63 42 56 14 40 79 15
10 7 7 4 2 4 1
6 15 11 6 9 5 5
48 60 81 98 41 92 10
90 62 71 67 44 48 31
41 68 95 94 54 50 40
15 12 14 6 8 9 4
50 23 37 38 54 16 91
21 82 54 57 62 47 83
20 98 83 98 45 60 11
43 80 46 12 10 13 38
2 70 37 72 47 80 33
33 86 33 40 5 28 45
16 14 9 9 3 4 1
15 40 45 71 84 49 78
6 64 99 42 37 93 91
8 7 6 4 2 4 1
97 5 3 53 4 48 71
14 9 8 6 5 6 3
5 5 0 3 0 0 0
7 8 8 3 3 1 0
11 15 8 7 7 2 2
93 13 64 56 28 14 25
66 32 76 73 78 79 72
6 9 7 4 2 3 2
52 51 57 51 8 100 49
5 5 2 3 2 2 2
8 50 25 54 31 59 60
10 8 8 4 5 4 1
12 12 13 8 7 6 5
67 69 34 72 34 30 94
18 16 13 10 9 7 5
4 5 4 3 3 1 1
22 87 74 53 92 99 5
6 83 91 58 27 97 50
44 88 29 35 69 11 57
10 6 7 3 2 5 1
32 58 51 65 97 69 12
13 16 12 10 7 5 3
11 11 8 9 7 7 6
82 13 66 53 100 26 80
6 5 5 4 2 2 1
81 85 63 81 24 100 0
1 0 0 0 0 0 0
7 7 8 4 5 4 3
96 13 4 31 69 5 62
13 16 12 8 9 5 5
10 62 5 5 51 37 35
0 0 0 0 0 0 0
98 47 88 41 9 21 39
68 36 40 10 10 93 56
9 6 6 4 4 4 3
0 44 22 17 49 29 40
2 1 3 0 0 1 0
2 3 2 1 2 0 0
30 42 85 27 50 45 96
16 11 13 6 5 10 4
16 15 11 7 6 6 3
9 16 11 8 6 3 3
31 46 40 48 35 74 80
11 11 11 6 6 3 2
5
18 10 16 5 4 8 2
16 13 86 81 55 14 16
4 7 4 3 2 2 1
31 72 45 2 46 58 33
11 7 6 5 3 4 2
8
96 13 45 85 30 51 41
97 78 9 98 5 57 82
3 1 1 1 0 1 0
29 56 58 62 85 65 39
3 5 5 1 3 2 0
74 47 9 4 51 30 35
6 77 94 14 48 87 10
9 7 11 3 2 5 1
77
31 31 33 17 17 16 9
55 78 44 27 40 73 60
69 59 92 21 43 76 66
3 3 4 2 1 2 1
12 19 11 7 9 5 4
9 38 8 88 49 51 34
19 19 14 8 8 7 2
9 13 12 6 6 3 3
100 13 76 12 57 76 38
87 66 37 26 30 95 96
17 70 65 45 88 62 70
31 27 21 18 13 15 9
2 0 1 0 0 1 0
2 2 0 2 0 0 0
6 7 7 3 2 3 1
22 23 34 10 19 17 10
16 16 14 12 10 9 7
74 28 95 17 92 37 40
17 14 13 6 4 9 2
76 95 79 55 62 11 4
4 4 5 2 2 3 1
95 61 18 24 90 88 1
11 7 14 5 6 8 4
19 56 80 66 94 56 87
29 32 25 14 14 15 8
31 26 28 18 14 16 9
1 2 2 0 2 0 0
79 75 46 100 24 9 18
91 96 68 83 50 94 91
21 46 13 90 80 40 15
23 20 95 28 20 2 89
93 73 0 61 72 86 60
60 55 31 51 49 47 51
62 54 8 30 28 27 80
78 53 11 81 93 84 8
100 78 36 68 13 17 73
14 10 12 7 5 8 3
46 55 17 43 41 45 14
90 21 11 46 99 2 50
50 50 36 42 53 61 31
24 37 32 14 22 9 5
12 13 11 6 5 7 3
14 12 14 8 9 6 5
15 17 20 7 9 11 4
51 77 4 6 84 2 73
90 58 77 82 33 32 11
39 1 39 41 38 1 65
16 12 12 6 5 6 3
27 25 30 11 12 17 6
14 73 30 38 83 35 82
83 99 41 42 95 87 19
1 0 0 0 0 0 0
80 78 18 92 45 100 58
1 1 2 1 1 1 1
2 9 28 58 48 9 80
13 6 14 3 3 8 1
63 74 80 67 25 19 25
55 71 75 98 16 22 78
29 12 52 12 86 75 41
22 57 86 16 36 51 57
37 24 98 29 99 85 96
18 81 9 50 37 90 76
21 19 31 9 12 13 7
65 58 96 79 18 80 1
10 12 11 7 5 6 4
47 5 26 86 9 29 56
14 16 14 11 12 12 11
8 8 8 5 6 4 3
79 58 42 86 68 53 12
36 82 37 84 16 47 40
13 7 14 4 4 9 3
55 94 15 35 62 4 52
16 23 30 7 16 12 6
74 43 8 30 78 100 53
9 91 24 11 29 44 48
90 97 7 70 90 4 6
7 16 13 1 6 5 1
46
20 12 12 6 3 10 3
1 1 0 1 0 0 0
2 1 0 1 0 0 0
22 31 26 17 17 12 9
86 94 74 2 36 35 9
41 38 99 58 11 89 7
54 46 44 86 35 17 62
84 7 50 1 47 8 6
44 18 65 62 94 97 55
16 17 17 5 7 6 2
26 30 33 14 16 13 6
99 19 93 32 28 50 11
44 91 4 66 58 59 4
27 29 27 13 14 13 7
12 14 15 6 10 6 4
5 37 87 68 13 36 73
64 25 6 87 93 26 23
52 46 14 64 83 37 68
20 17 19 10 8 9 4
1 1 2 0 1 1 0
12 15 12 9 10 7 6
50 89 25 89 4 83 38
33 36 35 19 20 21 13
0 32 82 56 61 91 55
7 5 7 3 2 4 2
1 50 68 53 94 92 5
70 51 90 75 60 29 60
69 36 88 99 9 0 60
24 29 28 16 18 13 10
31 62 50 94 17 57 36
0 1 2 0 1 0 0
2 39 31 13 3 66 12
43 60 56 15 30 57 82
34 27 23 17 12 16 8
13 8 9 3 4 4 2
4 3 2 3 2 2 2
18 17 18 7 7 10 3
4 3 5 1 2 2 1
24 45 18 71 52 66 82
72 49 69 76 63 40 48
34 28 29 16 14 15 7
28 20 27 12 11 17 6
51 34 10 44 69 30 28
26 31 25 16 13 10 6
61 16 54 60 53 49 23
6 5 8 3 3 4 1
70
37 85 12 89 88 7 92
9 9 5 5 2 3 1
27 27 26 12 12 12 6
27 100 66 24 9 51 39
13 60 37 65 5 67 33
20 25 19 13 11 11 7
75 64 61 87 54 52 53
13 15 9 6 3 5 2
86 32 73 44 41 48 87
8 46 30 74 39 52 16
6 5 5 2 1 2 0
10 9 8 6 3 5 2
2 2 2 0 1 1 0
28 47 67 17 59 82 0
64 64 95 45 8 56 6
8 6 6 3 3 4 2
23 28 21 16 12 9 5
32 90 61 55 29 19 3
28 31 29 15 14 12 6
69 25 46 15 34 20 92
49 53 40 93 63 10 97
73 85 76 66 17 61 11
41 33 41 17 17 26 11
7 7 8 3 3 3 1
32 36 36 17 20 17 10
36 40 29 23 16 13 8
16 20 23 8 14 10 5
36 37 34 19 18 16 8
88 47 75 8 28 52 17
11 63 29 91 92 40 14
4 2 6 1 2 3 1
2 4 3 1 3 1 1
13 14 14 7 10 8 5
47 38 49 67 54 39 41
15 13 16 6 6 9 2
47 41 41 28 17 23 13
31 26 33 14 10 18 6
8 10 11 2 6 4 0
18 29 18 1 17 53 71
25 24 24 16 16 12 10
26 25 26 16 11 10 7
98 38 44 7 37 23 7
56 94 62 78 27 71 84
19 20 18 9 10 8 5
71 1 64 5 61 73 85
42 65 55 9 76 10 9
21 99 96 86 64 43 87
17 70 2 53 99 80 86
11 12 10 7 3 2 2
0 84 46 88 12 66 27
12 30 41 58 60 19 18
95 66 1 28 38 75 13
31 20 23 13 12 15 8
23 23 23 10 11 10 4
4 7 2 4 2 2 2
90 54 3 65 84 91 30
15 13 15 9 6 9 4
30 25 21 14 8 9 3
41 9 15 49 58 64 25
11 78 68 44 74 100 86
31 14 86 9 7 40 58
39 41 41 20 23 18 10
26 29 33 13 15 13 7
44 41 40 22 21 19 10
73 60 26 74 88 90 69
4 4 2 3 1 1 1
2 2 3 1 2 1 1
28 74 57 7 78 92 17
32 37 39 18 18 16 8
31 35 32 13 14 13 4
51
46 95 60 76 58 47 32
59 8 60 54 75 93 38
87 92 89 73 61 3 41
37 64 77 82 23 59 15
8 59 68 1 87 11 29
55 63 51 16 52 61 32
36 57 68 73 38 36 16
31 37 38 18 20 17 10
32 23 22 13 12 12 5
87 5 58 89 45 91 69
27 24 18 12 9 14 6
38 39 43 17 20 24 11
32 27 29 15 15 15 6
10 26 75 46 53 58 18
100 20 72 59 48 83 24
64 24 41 81 14 74 85
74 34 15 96 48 40 45
48 44 44 27 22 14 9
34 43 36 18 22 14 8
1 10 73 7 50 17 10
31 32 39 15 16 15 3
14 59 63 32 87 34 17
39 38 35 20 21 17 10
25 51 19 64 75 2 44
16 14 11 7 2 9 2
13 8 9 5 4 4 2
32 27 29 12 14 13 6
4 2 3 2 1 2 1
29 36 37 14 14 12 5
28 29 26 35 11 84 48
48 70 93 28 39 87 99
21 20 20 12 8 12 4
21 20 22 8 11 8 5
45 55 64 37 100 30 6
14 16 14 8 7 7 4
17 20 21 8 9 11 4
35 45 48 16 25 24 11
2 2 0 2 0 0 0
49 75 48 13 79 11 37
34 42 45 18 23 22 12
3 6 5 2 3 2 2
39 73 85 78 31 66 75
14 4 79 18 97 36 34
79 92 3 77 8 40 24
11 13 13 6 6 6 2
37 38 45 20 21 21 13
33 86 96 53 66 78 9
33 37 29 23 17 17 11
18 14 15 8 7 9 3
17 12 14 7 7 9 4
10 12 10 5 5 5 3
7
45 32 41 46 7 92 73
46 46 45 20 23 18 11
34 38 43 21 25 19 13
20 59 1 33 99 10 70
67 21 60 46 38 82 88
90 71 17 77 56 12 47
25 25 22 10 15 11 7
16
2 1 1 1 0 1 0
23 30 25 14 13 11 5
19 21 19 9 9 11 4
46 48 52 19 20 17 5
29 32 23 56 83 40 26
9 14 31 20 9 40 13
81 82 25 4 39 74 76
22 66 32 28 30 94 95
52 73 99 53 35 29 53
59 35 19 39 92 99 90
22 27 25 12 14 10 5
28 28 31 15 19 19 11
60 76 78 61 20 26 0
92 93 61 6 48 81 13
11 86 45 99 52 5 6
7 6 6 4 4 4 3
37
43 35 42 15 15 21 5
21 34 27 11 13 9 5
90 37 72 85 96 1 46
46 91 88 10 2 75 30
46 46 57 28 23 23 14
93 2 97 43 9 97 29
51 77 26 67 23 8 5
47 47 55 21 23 22 8
98 43 92 76 86 83 62
90 79 89 54 95 73 11
85 24 0 88 48 19 92
31 25 22 15 12 11 6
41 32 31 21 13 16 7
47 45 42 21 83 90 42
74 80 29 67 26 44 4
42 45 43 17 20 17 5
0 1 2 0 1 0 0
23 32 31 16 19 11 8
40 37 43 19 19 21 11
62 57 56 31 25 26 11
98 15 86 88 65 12 81
46 50 48 25 23 18 10
81 95 44 97 56 89 68
5 5 5 3 1 2 1
22 20 26 12 16 16 10
46 58 14 41 43 11 64
38 35 38 22 20 23 15
58 14 85 12 22 88 6
31 42 27 20 13 9 7
29 67 53 49 1 5 29
97 25 10 4 79 37 33
42 39 97 96 67 6 84
0 98 4 56 79 47 83
53 18 7 63 3 80 70
76 90 53 17 94 34 46
80 38 80 89 30 89 9
20 18 23 11 10 10 6
85
25 32 33 15 20 16 11
19 11 17 7 6 10 4
64 49 43 59 1 96 70
52 50 42 29 20 20 11
51 3 87 4 25 98 49
5 20 40 99 60 30 14
11 10 11 5 4 7 3
3 1 1 1 0 1 0
13 13 17 4 7 7 2
8 32 66 78 23 59 0
47 50 47 26 23 23 12
36 32 26 19 12 14 7
40 7 63 25 16 63 34
27 40 39 12 19 13 4
38 77 43 36 52 70 61
65 62 55 31 28 30 12
63 50 65 24 32 30 13
26 89 47 89 53 82 70
15 14 12 5 6 7 3
40 37 39 25 17 22 12
76 42 16 42 37 18 65
24 1 91 86 94 54 50
49 54 43 29 24 22 14
19 27 27 11 17 13 6
77 78 5 65 40 54 73
26 74 18 25 0 84 59
5 28 24 49 42 48 22
33 27 34 17 17 20 10
3 2 4 1 2 1 1
0 1 1 0 1 0 0
35 36 35 17 18 16 9
29 33 34 11 17 18 8
0 0 0 0 0 0 0
9 10 7 5 1 3 0
70 2 56 98 51 13 16
42 42 36 19 16 19 8
46 85 56 44 91 58 89
4 5 3 2 2 3 2
17 9 18 5 6 13 3
75 64 57 36 30 33 17
7 5 7 4 1 3 1
44 49 39 25 20 18 9
9 89 84 36 7 2 48
70 24 62 13 67 53 77
4 51 85 78 21 36 37
45 38 46 18 25 24 12
72 46 15 74 5 9 98
41 41 36 22 17 17 9
70 69 52 71 77 98 74
59 59 55 30 31 28 18
100 79 32 32 92 83 23
29 30 34 12 16 14 6
31 37 20 22 15 14 11
62 68 66 33 38 34 19
48 61 48 24 24 17 9
92 47 51 56 51 3 81
10 88 6 87 22 95 96
54 9 60 77 6 39 25
7 8 6 3 3 3 2
40 42 41 17 22 18 6
67 95 45 81 80 48 14
18 66 59 36 61 99 51
95 92 96 6 26 93 28
72 89 21 61 41 76 29
70 83 63 76 73 89 27
80 26 48 29 57 12 46
49 98 44 91 26 11 14
64 72 60 37 35 26 15
35 35 30 16 18 17 9
13 17 15 9 10 9 6
45 48 43 24 21 17 8
28 23 34 13 15 17 8
34 78 38 70 71 99 47
65 36 66 1 8 11 85
29 22 39 50 78 42 41
40 44 35 25 22 19 14
88 99 70 85 1 94 25
25 20 16 12 10 12 6
54 60 50 26 24 22 8
13 70 97 87 83 93 54
11 42 91 8 93 33 39
44 41 43 18 20 23 10
76 14 100 39 96 58 12
39 32 41 16 14 15 6
13 12 14 5 5 7 3
2
17 23 22 9 13 10 6
11 11 14 4 7 6 2
43
97 56 77 10 76 74 49
2 18 47 51 36 47 83
55 45 3 15 41 66 69
23 21 20 12 12 15 8
62 56 64 30 29 38 19
11 11 10 6 8 6 4
14 15 16 8 9 11 5
47 44 43 24 25 22 12
64 56 65 28 36 37 20
34 84 44 95 91 15 68
90 48 62 71 32 95 67
99 13 52 95 33 52 72
28 26 30 13 17 14 6
66 3 94 77 52 35 60
66 11 67 28 22 49 41
67 15 48 61 89 34 31
80 91 93 55 90 27 10
19 12 16 6 6 10 3
9 41 14 79 97 23 65
16 20 15 9 9 5 3
57 57 62 22 29 31 12
19 93 71 35 94 87 74
17 40 60 80 81 9 90
75 71 73 34 37 39 20
43 38 39 22 19 22 11
29 7 22 23 55 8 24
63 72 85 32 40 44 21
65 58 65 31 33 38 18
30 30 44 15 20 22 11
94 68 75 48 43 59 15
7 32 80 50 100 100 69
5 2 2 2 1 2 1
88 80 11 7 43 77 84
1 84 41 61 28 53 23
42 35 34 22 17 19 10
0 10 2 31 40 53 64
18 13 21 10 10 13 8
14 14 17 8 9 8 5
10 12 63 60 59 28 60
70 73 71 41 39 33 19
24 2 69 32 82 73 49
4 86 12 92 100 82 78
49 34 38 20 13 24 9
57
32 27 51 1 0 99 25
96 19 51 56 92 74 88
74 82 79 42 41 40 25
52 62 63 30 36 30 18
48 88 60 69 64 80 13
22 15 16 6 5 7 1
52 44 51 21 25 33 13
14 21 26 7 11 10 4
30 28 32 17 18 16 10
10 60 40 46 29 12 21
9 90 99 0 61 51 19
45 62 53 23 26 19 9
35 29 30 16 14 18 8
74 61 59 41 25 32 15
43 39 39 19 16 23 9
45 27 21 53 16 36 99
52 96 49 17 53 97 1
36 58 96 100 27 14 28
35 37 15 5 57 30 12
22 41 51 18 22 89 67
72 55 43 92 55 8 59
65 26 92 43 56 64 41
4 23 63 100 70 48 70
90 90 14 78 66 48 29
16 36 27 10 20 10 7
83 91 82 44 67 41 90
69 80 76 32 43 34 18
94 71 3 30 60 41 49
65 76 54 40 28 23 11
79 82 83 43 39 35 18
59 59 63 32 26 31 15
61 79 37 82 72 80 47
60 92 53 77 4 6 37
10 11 6 5 4 3 1
32 45 10 36 85 6 26
68 67 64 38 34 34 18
79 4 46 14 13 29 29
62 42 58 56 96 77 61
78 93 25 17 5 13 73
1 0 1 0 0 1 0
84 32 33 24 27 94 17
45 41 33 23 18 13 8
18 28 78 44 2 59 94
35 38 38 16 20 18 7
25 21 19 12 9 8 4
8 6 8 2 3 5 1
48 40 45 15 19 23 7
0 68 52 12 32 15 51
52 46 38 25 21 25 13
0 50 49 61 70 82 54
29 41 43 59 1 28 83
9 11 11 5 7 5 2
60 46 44 28 20 24 11
28 30 28 17 9 13 6
9 13 11 5 7 5 2
6 5 8 4 4 4 3
84 71 68 45 32 36 20
9
19 3 96 79 48 81 2
31 18 19 68 41 29 45
33 22 27 9 7 19 2
5 40 20 96 67 63 11
76 45 64 24 79 64 77
31 60 33 89 67 65 22
59 58 97 36 7 55 31
4 2 3 0 1 2 0
81 49 62 32 24 36 13
88
28 34 34 17 20 14 9
10 7 6 4 3 4 2
74 11 77 92 76 19 56
84 8 65 69 58 33 9
47 7 100 100 81 51 85
66 70 41 11 30 25 73
39 87 41 61 61 64 37
44 0 72 59 41 13 23
100 36 38 35 97 48 8
64 82 68 30 39 30 16
41 37 34 25 15 16 10
66 46 14 69 69 32 84
93 27 13 81 63 47 40
59 72 76 38 41 27 20
60 65 61 38 29 27 16
48 47 41 27 18 23 10
35 26 35 12 13 20 7
62 49 68 28 28 42 16
20 12 97 63 78 51 30
22 19 26 11 12 15 8
92 74 66 36 25 31 6
42 47 41 21 23 20 12
87 86 60 100 43 63 64
82 82 83 45 37 43 22
43 29 87 69 25 65 94
27 25 23 12 11 15 6
5 59 59 7 85 3 41
80 84 78 37 42 36 21
83 43 18 52 57 22 81
44 42 43 19 18 19 9
86 54 95 100 58 88 28
65 83 64 43 42 32 21
37 93 46 100 47 2 81
79 79 74 38 43 32 17
22 72 88 78 87 36 72
20 82 12 70 80 8 37
79 40 2 6 94 16 10
80 14 56 19 36 39 57
38 29 33 17 15 15 7
26 20 34 8 13 17 6
87 70 36 20 82 31 89
74 93 85 40 49 37 20
39 39 41 21 20 17 10
24 25 24 11 6 14 4
13 62 36 1 38 41 68
98 93 39 62 13 79 76
46 65 32 21 18 0 26
74 25 13 82 90 2 19
36 50 97 39 67 50 29
22 20 27 10 12 15 6
18 16 12 8 7 7 3
63 66 57 35 27 29 13
52 66 57 30 29 24 12
64 40 47 16 6 6 1
73 69 79 38 43 40 21
36 69 45 39 48 46 1
30 84 29 95 57 16 4
67 91 70 43 37 28 19
60 45 57 16 61 23 60
9 10 11 4 5 5 2
40 80 42 95 44 59 32
22 19 23 9 8 12 4
29 30 28 15 12 13 6
59 86 59 95 74 98 36
79 90 87 42 39 40 18
27 31 33 13 18 16 7
14 11 14 7 7 7 4
89 22 45 78 38 73 60
43 53 52 23 26 22 11
22 24 33 11 15 15 7
88 93 97 49 50 45 26
8 67 1 29 42 90 86
30 56 60 4 40 63 20
88 55 83 22 21 45 63
86 82 87 38 42 43 16
79 77 68 46 32 31 15
91 64 71 18 96 8 95
48 88 95 24 7 10 67
4 10 10 3 8 4 3
53 51 48 25 22 25 10
76 91 75 49 44 36 24
58 67 30 75 84 56 60
64 15 15 74 81 31 4
56 50 4 86 96 6 48
23 7 78 55 44 8 99
11 65 27 85 95 60 41
30 26 22 13 11 13 6
20 12 18 8 6 10 5
17
14 64 20 62 35 21 21
59 56 58 28 28 25 13
93 79 79 39 14 100 36
1 82 43 83 84 60 90
35 39 38 13 21 18 9
56 19 68 50 47 28 31
75 5 4 74 56 5 23
14 71 76 63 29 24 86
83 86 81 43 43 41 22
17 98 52 57 68 20 28
22 26 27 13 16 14 8
2 74 80 97 25 45 100
96 14 62 93 63 89 60
98 48 16 52 30 52 6
90 77 88 64 7 58 18
52 65 75 4 75 28 46
78 73 79 37 35 37 17
75
59 72 64 34 33 30 16
74 80 76 37 38 32 17
67 64 65 34 35 33 19
9 91 45 33 40 8 36
20 23 15 10 6 6 2
44 32 48 14 19 25 9
44 45 46 22 23 23 11
49 80 46 40 30 99 64
17 11 16 5 4 8 2
56 19 93 6 26 24 89
92 67 24 40 85 81 84
42 86 77 71 59 32 97
97 80 65 88 73 23 70
43 38 44 22 19 25 11
83 1 97 55 27 45 50
8 62 61 98 38 100 49
41 3 31 93 60 46 28
91 16 21 10 60 80 46
1 1 1 0 1 0 0
34 66 92 86 65 66 34
19 20 19 13 8 8 4
98 27 79 9 10 59 47
66 79 71 32 37 31 15
93 94 87 46 45 40 18
43 0 73 83 19 30 34
45 83 79 91 79 39 18
24 100 0 71 77 78 45
32 54 43 90 65 24 22
52 37 55 24 22 35 16
43 40 38 19 21 21 9
54 73 68 71 37 57 100
41 3 2 15 6 72 47
68 76 71 37 30 29 12
44 55 25 76 44 96 72
17 15 21 3 5 9 0
96 92 81 46 42 44 23
26 24 17 14 11 13 9
82 94 24 54 89 46 64
88 34 3 19 46 58 44
23 40 34 9 31 20 11
63 27 68 48 0 91 55
39 42 30 24 19 16 12
47 36 42 17 19 22 8
76 65 80 29 30 40 12
14 9 11 6 5 7 4
8 17 91 17 16 30 10
44 34 50 4 19 96 8
26 26 24 13 8 10 3
31 43 43 96 99 97 86
66 58 66 30 31 36 17
31 32 29 19 13 16 8
5 17 31 65 88 24 3
8 38 100 58 90 69 63
23 14 22 7 8 8 3
16 16 14 10 8 10 6
5 2 3 0 1 1 0
12 6 57 72 51 27 70
18 10 75 65 67 58 19
52 68 75 27 37 28 11
12 8 13 3 3 8 2
27 88 86 71 96 46 87
60 62 62 37 37 33 22
78 78 81 45 44 44 28
80 8 39 66 56 53 20
49 57 52 24 28 23 13
7 98 94 40 51 25 59
69 76 71 41 40 38 23
14 18 48 3 89 47 97
84 94 10 32 67 80 81
30 33 36 16 21 14 8
92 27 51 67 37 3 74
83 8 69 99 84 34 54
79 67 48 61 93 72 45
39 45 33 26 21 18 12
39 42 40 19 17 17 7
33
57 86 96 73 64 81 68
16 12 17 6 6 10 2
73 55 54 76 31 6 29
22 65 59 14 29 70 7
64 68 67 33 31 38 16
44 54 41 26 23 18 9
47 38 49 19 21 26 10
37 27 23 64 63 47 83
43 39 39 25 20 24 14
42 50 39 25 23 20 13
49 45 49 29 23 26 14
75 94 92 41 89 93 74
89 81 74 44 36 43 21
27 95 55 15 68 6 96
73 90 84 40 45 37 21
91 88 77 52 37 43 21
41 73 67 65 75 85 50
74 66 73 40 38 39 18
11 57 42 89 12 38 94
81 65 82 25 30 42 15
45 41 42 20 22 22 12
72 78 68 40 41 37 22
18 69 23 26 99 58 78
30 30 23 29 17 70 89
14 14 12 9 6 5 3
38 2 57 76 8 51 72
79 67 80 34 35 42 17
65 62 64 35 34 40 21
32 32 24 21 17 15 12
73 60 45 91 99 39 72
28 71 72 32 76 77 59
57 0 59 32 92 29 55
9 6 7 4 3 4 2
10
31 39 35 14 18 16 6
45 50 52 20 25 28 12
22 25 19 15 13 9 5
7 73 77 79 23 9 81
73 75 88 27 46 42 17
94 18 97 80 41 22 32
62 78 77 37 39 36 18
84 80 88 49 44 45 26
45 42 37 19 16 13 5
6 7 6 3 5 3 3
11
54 51 63 9 99 5 5
93 22 71 39 94 62 81
67 24 47 14 64 29 47
66 33 81 87 77 34 94
23 10 29 58 39 68 75
6 2 5 2 1 4 1
64 66 58 38 28 30 18
45 82 72 56 57 6 46
14 17 13 11 9 9 8
44 56 43 20 27 16 10
32 26 38 13 16 23 11
34
5 5 5 3 2 1 1
71 89 36 41 87 70 92
62 22 75 22 33 28 77
58 49 45 27 20 28 11
96 35 93 64 98 9 66
72 62 66 33 30 39 16
29 17 29 63 74 89 78
25 34 36 14 19 16 8
71 2 57 58 80 87 68
63 59 69 25 33 30 14
61 95 48 69 50 4 97
34 35 35 19 16 16 9
28 37 32 17 21 15 11
78 82 83 37 37 38 15
57 51 47 25 25 26 11
29 28 29 19 13 14 8
71 22 75 65 23 11 51
74 93 44 40 87 96 10
62 57 66 31 31 35 17
99 35 86 83 22 75 15
16 81 64 76 29 2 74
86 60 94 91 66 29 76
61 68 72 30 34 35 17
95 88 97 47 52 59 33
17 53 27 91 46 98 59
47 11 6 30 2 13 52
49 66 48 77 19 98 7
47 87 48 65 6 91 31
10 78 34 86 97 85 22
18 18 13 8 6 6 2
94 53 78 56 73 31 79
41 28 17 81 7 5 33
59 74 74 30 38 31 18
22 24 24 12 12 9 4
56
59 62 14 21 52 12 81
22 31 9 17 48 22 21
79 23 47 36 82 51 65
85 54 65 45 91 2 13
40 49 54 26 29 23 14
18 15 12 9 2 6 0
84 74 80 38 40 50 24
95 29 100 87 67 82 84
85 82 85 36 32 32 11
13 19 12 9 8 4 3
9 43 23 33 89 34 0
77 66 79 31 38 36 15
74 69 59 60 51 30 68
37 40 22 54 91 61 80
93 38 63 41 71 70 82
29 32 25 16 15 15 10
20 18 18 10 8 10 4
97 52 29 20 78 92 17
0 81 21 42 92 38 75
40 41 34 22 24 20 14
83 15 34 64 48 28 92
19 79 4 76 76 8 58
75 75 76 38 34 37 18
32 35 34 14 17 15 6
40 48 39 88 50 93 82
33 42 74 10 92 80 82
41 43 32 20 18 14 4
58 83 9 97 5 37 37
66 13 49 44 52 32 86
59 64 99 96 100 10 48
47 4 71 32 9 98 59
39 40 38 16 19 17 5
52 35 47 19 16 24 7
42 39 40 18 15 19 7
47 53 58 22 30 23 13
60 58 81 27 34 40 17
91 35 62 4 48 25 5
66 71 68 36 41 36 21
83 17 52 73 30 40 90
35 39 34 21 22 21 13
55 68 70 25 39 30 12
4 43 43 7 92 74 55
64 68 58 75 4 23 74
30 37 35 20 19 19 13
61 60 78 57 50 19 83
74 44 88 99 36 78 28
49 77 84 88 73 15 79
20 25 25 9 11 9 3
69 70 70 42 36 36 22
90 57 6 98 38 36 90
36 47 40 19 22 16 7
10 90 13 83 44 93 75
75 59 75 27 34 42 15
41 6 62 98 49 70 88
60 89 18 39 59 78 78
76 85 82 34 44 37 18
52
29 27 27 15 13 15 9
68 85 71 36 36 33 11
67 84 33 33 98 22 6
21 29 47 76 78 51 22
71 58 93 99 83 34 46
54 17 27 93 56 24 57
18 40 12 50 72 22 46
28 55 74 37 4 85 43
89 89 87 40 42 46 21
27 33 27 13 12 10 5
22 17 13 9 6 7 3
95 88 95 45 37 42 17
27 28 34 11 16 14 6
73 85 80 42 37 37 18
100 80 30 92 14 30 81
11 14 8 8 4 2 2
57 37 84 94 5 37 50
33 33 35 16 18 18 10
22 26 27 6 13 10 3
68 76 77 31 42 36 19
57 63 0 100 50 61 72
63 71 63 37 36 36 21
82 74 92 38 47 51 26
72 84 80 35 45 35 20
20 16 23 9 11 12 6
32 29 32 12 15 20 9
18 83 92 3 22 99 97
81 88 67 99 34 2 46
85 84 87 35 42 41 19
80 91 81 47 45 40 20
32 32 26 21 14 10 5
77 85 88 39 43 44 19
38 28 28 16 12 15 5
81 58 26 12 83 62 7
12 14 14 9 7 7 5
78 65 43 52 98 73 52
59 77 29 83 78 31 90
37 52 36 25 21 12 9
76 65 63 36 29 38 19
37 37 38 19 22 22 12
35 30 27 1 53 23 2
78 92 77 49 45 36 24
99 30 86 27 74 100 78
26 27 96 67 69 99 65
27 69 53 38 77 27 65
9 0 15 36 21 68 67
47 31 95 88 88 75 75
41 39 36 20 16 23 12
3 52 60 71 59 19 13
51 14 90 37 91 51 68
98 63 19 32 43 60 85
95 92 86 49 49 51 30
100
39 27 5 57 5 61 25
90 96 81 43 44 43 21
31 19 26 99 3 65 68
36 50 59 26 55 37 64
96 87 76 50 35 37 17
16 14 22 7 11 10 5
75 70 72 35 27 36 12
37 38 41 19 23 20 10
97 52 28 76 72 86 11
57 41 42 29 17 25 14
58 17 63 21 28 60 44
1 1 0 1 0 0 0
69 73 82 39 42 40 25
17 15 10 9 4 6 1
28 37 35 17 16 9 4
89 86 82 47 32 36 17
78 81 51 50 20 46 20
83 93 61 25 2 51 40
76 86 86 35 44 33 16
17 15 12 10 6 6 4
79 80 74 37 40 39 18
86 27 91 78 77 85 30
26 28 26 14 16 13 6
36 32 36 18 18 18 10
63 73 77 30 63 14 34
61 67 60 31 34 24 13
73 86 52 75 95 32 54
31 73 95 29 66 100 8
98 22 10 86 21 11 84
43 92 67 73 83 99 26
96 39 3 30 77 76 64
40 64 69 75 1 85 14
74 63 60 35 25 30 13
19 97 16 83 94 90 2
1 0 1 0 0 1 0
100 92 61 65 73 98 45
6 3 9 1 1 3 0
65 64 71 32 30 37 13
33 59 59 64 32 52 84
59 69 40 12 92 81 80
37 34 41 17 20 19 7
74 41 36 15 66 50 48
83 69 92 33 37 50 21
86 95 85 48 51 43 25
1 3 2 1 2 0 0
82 87 91 48 48 41 24
58 50 96 76 88 98 60
81 90 91 53 53 49 33
54 98 77 60 43 63 56
29 30 36 11 12 16 6
9 4 4 2 1 3 0
54 97 8 6 51 40 4
0 0 0 0 0 0 0
20 25 25 9 13 9 5
49 46 51 25 25 27 14
50 54 85 70 39 78 13
49 46 50 24 24 27 15
41 53 43 25 24 16 8
11 51 23 37 83 64 57
49 39 53 22 19 27 11
97 4 44 20 19 4 6
69 62 42 99 4 8 14
18 23 18 10 11 6 4
91 87 97 44 47 45 25
89 67 55 71 41 64 75
39 99 91 84 40 7 26
88 33 91 37 58 87 61
34 60 19 82 98 8 98
62 60 54 31 25 29 14
0 1 0 0 0 0 0
47 49 0 75 13 74 23
60 66 65 27 38 33 19
89 83 90 43 43 41 20
10 8 9 6 4 4 2
62 66 25 19 4 62 49
100 94 17 32 3 46 79
63 56 66 26 32 35 17
3 62 99 66 66 86 94
34 33 38 14 17 15 8
51 48 56 23 26 30 12
42 45 42 19 22 18 8
68 92 92 8 53 10 96
46 48 51 24 21 24 11
88 84 93 40 46 56 26
77 83 70 44 36 35 18
2 0 2 0 0 2 0
21 13 4 0 50 3 35
75 93 82 40 41 42 24
19 61 35 8 53 13 86
53 71 9 26 58 49 2
72 71 4 53 50 63 6
28 29 26 13 11 14 5
38 15 2 38 74 86 69
69 72 73 34 34 34 15
5 98 43 30 37 67 79
58 69 77 31 34 51 2
97 1 92 87 76 97 84
8 7 8 4 4 5 2
44 94 47 46 86 81 14
42 36 40 20 15 21 8
33
64 57 6 23 8 91 80
86 82 90 87 55 19 77
39 81 34 37 58 92 33
73 52 35 97 0 60 81
21 16 19 8 8 11 5
17 21 17 9 8 9 3
63 36 47 89 25 81 24
31 24 42 13 19 19 11
27 76 48 50 52 57 10
60 54 53 32 25 33 18
16 16 12 9 9 10 7
46 41 79 28 39 44 11
6 70 80 10 61 75 64
32 33 30 21 17 16 9
44 32 75 24 10 63 43
63 81 69 39 34 29 16
48 44 46 26 19 26 13
79 0 20 99 79 24 85
3 2 6 2 1 1 1
75 15 32 24 5 29 10
73 75 75 38 36 40 23
2 3 10 1 1 1 0
73 48 55 86 0 73 51
48 54 39 26 22 18 11
51 52 54 29 27 27 14
57 75 66 37 38 25 17
3 27 79 59 87 43 18
57 96 45 11 95 6 18
86 88 87 39 49 41 24
48 53 49 27 29 23 12
29 51 57 75 72 26 55
42 20 28 45 63 80 22
47 44 39 24 20 22 13
4
26 30 34 12 18 16 9
61 54 65 29 30 34 17
90 81 12 2 44 27 58
50 42 50 20 23 24 11
47
52 41 35 26 17 22 11
16 15 15 7 4 8 1
45 53 71 92 9 27 17
53 83 25 41 30 7 50
12 8 11 4 6 6 3
15 75 5 18 49 22 59
26 90 96 97 74 37 2
52 59 54 29 31 29 16
28 9 90 31 21 80 59
33 34 28 20 17 13 9
10 6 6 5 4 6 4
68 55 28 9 18 89 89
86 63 42 55 51 88 50
72 45 82 36 34 47 7
84 20 45 7 50 78 63
1 93 97 3 82 28 9
35 49 46 6 56 16 38
19 22 21 9 14 7 6
49 58 53 2 68 7 74
75 68 77 27 65 89 28
95 99 94 51 41 47 22
66 18 95 75 98 38 21
90 88 72 48 39 39 24
84 75 82 36 35 41 14
80 94 94 39 42 37 13
81 91 89 40 49 41 20
33 90 29 94 21 47 75
60 77 78 34 46 30 16
73 32 10 63 19 27 79
30 35 32 22 20 19 13
27 28 27 17 15 10 7
65 60 58 34 26 33 17
1 4 1 1 1 0 0
78 80 76 38 40 37 19
84 82 37 52 99 48 100
25 22 47 47 42 5 69
34 99 84 85 14 97 64
67 66 75 28 40 36 16
54 2 87 38 53 8 18
76 87 80 39 26 8 92
86 79 80 44 41 39 21
49 5 35 69 41 60 30
4 21 16 33 1 3 11
31 42 32 20 18 12 8
84 94 82 85 50 46 44
17 90 2 52 32 46 77
26 29 30 12 11 13 5
4
16 56 1 92 71 75 44
50 95 2 96 67 11 100
94 94 98 45 42 45 19
18 11 20 7 5 12 4
57
1 85 16 38 94 30 94
75 11 25 100 41 68 19
75 8 31 8 94 65 43
52 62 55 28 25 22 10
45 38 95 38 6 14 31
30 89 43 49 33 78 62
47 57 89 65 72 64 47
78 70 72 82 19 1 6
29 82 85 92 31 88 45
61 58 52 35 31 27 18
55 43 54 24 18 31 9
9 83 65 42 18 96 64
65 68 66 28 64 49 40
65 66 64 35 31 31 15
61 96 75 71 80 52 65
87 52 37 30 50 62 27
90 87 76 47 44 46 24
71 79 75 41 40 40 25
62 74 21 17 100 40 71
3 2 5 1 1 3 1
56 58 69 25 34 29 17
95 29 41 37 11 86 22
67 55 67 26 28 36 12
16 15 12 8 5 6 2
88 44 78 12 52 83 85
71 29 60 4 18 5 22
87 20 74 30 72 45 43
51 82 45 63 71 38 57
63 62 30 89 13 48 55
15 10 13 4 5 8 3
48 26 29 11 77 4 99
20 14 19 7 9 10 5
85 35 53 15 44 1 43
61 18 15 97 86 0 78
42 78 33 75 87 14 25
31 33 31 15 15 13 5
32 26 20 17 8 11 4
21 32 79 45 19 54 64
74 65 64 42 30 29 19
12 20 21 5 9 9 4
93 31 3 54 95 27 21
56 61 59 27 30 32 15
3 16 77 79 13 56 52
26 22 29 13 13 13 5
81 75 90 36 34 41 16
54 58 66 27 36 34 19
60 52 59 26 31 28 14
64 57 10 4 5 1 7
90 44 14 57 90 48 63
76 72 42 29 99 41 66
51 40 42 27 17 29 12
40 45 37 25 18 15 9
16 14 13 8 6 5 3
8 28 43 58 66 13 16
39 42 46 23 24 24 12
53 44 50 17 19 29 9
34 31 43 13 16 18 5
96
52 55 52 30 31 27 16
16 83 7 50 62 35 90
81 39 81 87 98 97 54
19 20 19 10 11 10 6
76 8 96 51 1 26 66
38 40 49 19 20 22 10
61 74 75 33 46 38 19
39 36 36 19 22 22 12
54 41 43 26 21 27 13
80 85 55 39 9 18 99
23 25 21 12 11 9 4
77 26 93 18 11 96 39
100 6 25 41 44 63 22
67 65 63 36 34 31 21
62 18 36 27 98 75 65
5 52 50 44 13 82 83
33 41 44 15 21 18 11
13 35 75 88 10 7 45
43 91 53 51 71 60 56
2 1 4 0 1 2 0
59 61 49 35 26 27 15
83 75 73 41 35 41 20
92 9 93 26 21 68 38
58 57 56 30 29 28 15
63 17 59 12 14 28 39
49 56 49 22 23 22 8
69 27 20 1 25 3 83
93 43 83 83 41 1 12
89 97 73 53 43 38 24
74 92 78 43 43 35 19
41 39 46 16 21 23 10
3 5 5 1 2 2 1
63 63 62 30 34 26 13
25 27 24 12 11 13 6
33 39 48 15 20 21 7
51 99 44 10 73 42 10
53 53 50 38 99 3 100
91 52 22 10 19 39 91
51 54 44 32 21 20 9
1 4 4 0 2 0 0
6 7 3 2 2 1 0
9 8 5 5 3 1 1
19 20 20 11 11 9 5
40 41 34 20 19 18 8
60 100 96 29 49 18 26
30 33 21 17 9 11 6
13 24 16 8 13 3 1
74 7 21 37 17 55 51
20 57 90 55 48 60 69
13 8 15 4 5 11 4
30 25 23 15 14 14 9
78 73 78 39 41 42 23
47 28 29 23 56 64 76
18 21 21 9 8 12 5
69 43 18 56 100 91 82
92 14 61 63 1 36 81
25 32 22 19 14 13 7
85 55 61 30 55 76 21
14 65 99 55 45 6 63
18 51 47 33 32 47 3
79 77 31 78 34 63 96
39 74 71 63 19 88 45
66 72 79 33 45 43 21
33 4 95 39 31 30 26
60 74 70 32 38 31 17
55 79 81 2 16 64 9
4 82 100 64 77 14 14
95 21 29 35 78 92 0
32 34 77 94 23 14 58
36 23 70 92 84 84 85
92 47 63 68 2 72 11
24 31 2 27 42 38 61
55 70 64 30 39 32 17
8 32 89 95 40 72 16
92 67 17 7 39 17 68
92 95 88 52 50 41 26
71 28 86 58 96 61 55
9 7 6 4 4 3 1
22 78 51 74 85 51 18
82 83 92 37 44 44 17
41 33 39 20 18 19 9
33 24 17 14 71 67 66
27 29 37 12 15 16 5
10 100 97 32 71 53 68
75 81 78 37 41 42 19
21 31 46 10 42 75 42
63 33 26 20 94 56 50
19 17 18 90 63 17 59
24 26 20 12 11 11 5
50 58 26 8 100 63 97
30 49 68 61 38 42 93
37 38 30 21 20 21 13
5 21 13 17 42 86 56
91 100 81 66 49 84 52
10 70 77 59 56 46 75
33 29 33 14 16 12 6
74
93 92 99 46 48 49 24
79 78 81 43 43 42 24
13 3 93 34 1 4 91
32 3 83 45 51 8 30
27 18 30 12 10 16 7
16 11 19 2 6 6 0
43 45 37 25 23 20 13
61 50 1 59 93 38 84
89 74 75 38 37 44 22
16 14 14 6 7 7 3
95 97 90 49 50 52 28
7 66 38 46 51 1 49
31 25 27 13 11 15 8
22 14 99 30 98 58 61
62 67 58 49 19 56 94
14 13 17 8 7 7 3
15 15 58 67 39 51 99
52 96 43 34 97 61 82
4 56 45 36 63 6 62
38 33 43 18 18 25 11
82 42 44 19 17 58 39
58 92 59 7 7 96 92
73 70 77 34 31 35 15
65 9 53 86 30 35 46
50 48 47 24 24 24 12
30 8 6 12 86 0 23
24 81 45 57 97 72 28
3 2 7 1 2 3 1
90 32 91 50 6 27 72
53 20 35 39 29 46 4
33 36 39 17 20 13 8
33 98 70 22 71 56 23
66 72 66 30 36 33 13
20 79 51 84 56 47 55
33 21 1 14 11 62 29
2 3 2 1 1 0 0
46 52 51 22 30 23 12
14 13 12 7 6 7 4
70 44 42 43 79 30 29
32 39 37 17 16 17 7
82 86 90 39 41 42 22
93 69 7 68 75 6 40
19 19 19 10 8 11 5
100 71 60 28 80 32 5
98 84 78 45 39 43 21
76 61 85 25 33 35 12
48 37 34 26 20 22 13
26 20 14 14 8 9 6
12 46 45 55 39 76 27
12 16 73 51 79 0 38
17 16 13 7 5 7 1
91 100 100 47 55 45 24
9 74 36 30 31 67 36
36 44 91 68 76 100 53
31 100 88 93 59 43 57
34 10 15 6 35 66 85
36 43 44 17 21 17 6
34 40 47 16 25 23 12
26 94 58 54 79 47 45
22 67 83 32 39 66 33
44 34 21 78 81 69 79
28 17 90 4 32 80 5
41 63 4 70 15 69 60
54 68 60 26 63 62 4
20 19 20 6 7 15 5
68 63 71 28 31 43 17
70 72 14 72 82 87 60
3 43 16 12 80 12 17
88 52 10 23 91 57 49
80 93 79 46 45 39 20
13 13 1 30 62 43 97
20 16 67 97 53 26 48
36 70 49 39 19 68 5
47 34 57 15 15 27 6
100
15 15 12 9 8 8 5
79 63 84 28 35 42 14
7 7 4 2 1 3 0
48 49 45 22 21 18 9
6 40 85 71 15 29 89
96 97 91 46 46 40 21
44 55 49 26 27 19 11
14 39 71 49 63 5 70
89 8 80 27 63 23 92
13 15 20 3 8 5 0
80 82 80 39 40 38 20
69 74 88 29 45 45 19
67 76 72 41 39 32 20
42 28 9 20 28 6 25
16 47 59 3 46 94 74
31 23 30 12 16 15 7
1 88 58 90 56 81 24
21 34 68 73 23 12 97
8 12 9 5 4 2 1
24 78 18 58 26 100 0
32 41 35 18 17 17 7
72 94 13 3 94 25 51
47 89 53 4 80 25 32
46 42 96 89 29 93 35
14 59 73 3 8 18 79
4 83 67 36 6 21 49
49 50 53 27 26 30 15
0 99 16 98 45 75 37
61 19 29 64 92 95 82
82 41 31 61 79 79 25
6 67 28 55 88 78 50
73 77 79 32 32 32 15
60 53 55 32 28 30 15
36 52 49 25 26 19 14
11 38 3 11 10 62 41
4 5 7 2 5 3 2
84 83 78 43 39 36 19
21 20 22 10 11 10 6
77 72 60 15 52 15 30
33 22 33 1 76 73 80
98 81 84 46 37 51 22
62 66 68 36 37 32 21
55 13 71 77 32 16 9
15 17 18 9 13 9 7
56 39 47 19 17 28 8
48 40 51 21 24 30 14
3 4 3 3 2 2 2
51 48 49 18 24 24 7
44 35 38 16 18 17 7
88 64 78 41 28 45 15
34 62 72 73 46 46 87
33 33 18 54 93 78 73
59 22 86 76 43 12 83
13 99 24 77 84 55 74
67 52 67 29 34 43 21
90 73 83 42 42 47 25
83 81 94 41 43 39 21
27 31 33 12 18 11 5
13 12 15 8 9 5 5
38 39 47 17 22 21 8
47 39 30 21 18 18 9
96 91 81 49 40 39 20
51 77 97 30 79 31 0
58 57 47 25 24 28 15
83 86 70 45 37 34 16
2 3 4 1 2 2 1
29 14 51 54 82 91 8
29 88 86 94 25 23 73
55 19 8 89 4 34 17
12 13 10 6 4 5 2
2 93 12 27 76 98 74
69 85 81 31 39 34 14
64 29 24 59 74 16 34
53 62 51 31 22 25 12
40 47 43 27 24 20 16
3 13 97 30 16 10 76
22 16 22 8 6 6 1
38 38 40 22 17 16 10
55 57 41 30 19 23 11
9 9 13 5 7 7 4
38 36 37 22 19 22 14
33 38 39 20 20 17 8
16 72 75 43 0 28 74
19 55 22 14 19 23 87
1 7 81 49 32 8 94
94 51 18 8 86 79 98
24 26 27 11 16 12 7
58 65 67 35 36 28 16
35 42 38 18 22 16 8
46 52 58 21 25 24 12
22 15 21 9 9 13 6
7 35 6 16 35 79 9
53 51 48 22 26 23 10
80 19 99 33 71 50 77
18 49 52 79 16 9 16
54 56 54 25 28 25 12
34 28 27 17 12 15 9
3 5 5 1 2 3 1
8 70 60 68 39 83 16
22 16 23 9 9 12 5
63
45 42 44 22 21 22 10
85 84 83 36 35 33 13
10 85 87 15 63 8 12
95 37 76 97 90 61 73
92 26 78 79 56 55 87
34 51 94 37 48 36 83
86 92 81 41 34 38 14
56 96 32 72 65 52 94
78 73 79 39 41 44 24
82 38 6 89 60 29 89
76 60 67 33 29 40 17
86 61 51 99 71 88 13
32 34 66 24 45 94 93
38 38 36 25 22 23 16
65 89 71 19 62 25 83
0 0 1 0 0 0 0
42 82 39 66 39 14 41
7 5 3 5 1 1 1
51 87 31 91 1 22 88
51 9 60 89 9 22 26
17 20 23 6 14 8 4
31 96 2 97 96 42 89
93 86 71 44 31 36 14
5 79 80 67 24 69 30
36 42 76 81 69 7 84
85 8 99 86 90 69 90
33 32 36 15 17 17 7
26 44 69 4 28 67 86
81 85 83 39 49 35 20
48 61 22 16 55 79 44
72 61 52 31 25 25 13
42 49 45 20 29 23 13
3 39 3 33 93 32 73
34 35 44 16 15 18 7
38 25 50 38 7 95 20
43 94 86 67 25 54 73
93 82 84 43 41 44 23
75 62 51 37 22 36 18
82 71 69 38 28 31 11
45 91 23 68 67 39 53
45 37 33 21 14 22 9
89 36 36 31 86 96 22
47 43 39 20 19 21 9
37 70 72 62 4 7 97
9 2 63 60 49 20 38
14 15 36 29 44 57 62
65 53 67 33 30 30 16
98 91 79 51 47 47 26
31 36 37 16 16 16 6
31 32 31 20 15 13 8
79 52 1 31 68 3 22
88 93 86 44 41 44 18
87 88 94 35 47 46 20
73 27 77 55 47 66 13
73 69 78 31 32 42 15
32 39 32 18 15 15 8
11 16 29 82 55 35 50
75 62 67 34 31 34 17
2 58 3 68 4 19 34
44 92 60 94 40 31 17
15 12 12 7 6 7 3
84 3 93 69 16 76 19
76 81 83 38 44 47 23
53
65 48 29 65 70 98 30
1 82 55 63 51 47 33
82 87 67 41 37 35 16
27 31 26 14 14 15 8
14 18 13 7 6 3 2
61 70 68 32 37 22 12
59 19 44 97 56 30 12
61 89 34 21 48 41 32
65 58 58 33 30 30 16
33 80 57 70 80 87 7
1 1 5 0 1 1 0
33 30 40 17 17 17 7
51 87 30 97 26 62 63
35 3 48 25 86 21 86
30 37 30 18 17 14 9
22 79 27 90 9 68 34
50 43 46 22 19 26 10
87 62 85 7 77 44 9
62 63 64 33 28 31 16
95 85 29 33 21 53 98
40 59 34 15 4 56 12
78 49 17 11 27 29 41
75 82 90 41 45 38 22
88 81 89 41 43 41 21
50 59 60 4 28 6 97
73 75 82 34 41 41 19
52 59 65 25 33 29 17
96 21 71 68 59 2 32
45 91 51 4 82 42 13
24 27 27 11 17 11 7
27 7 13 93 68 56 6
9 45 54 9 28 38 45
49 43 55 24 24 29 12
2 11 75 50 92 5 14
66 80 62 35 35 28 17
74 63 70 36 39 34 22
85 100 62 96 86 86 19
30 65 75 19 2 92 40
29 36 28 18 18 14 8
57 98 94 18 21 33 7
25 22 19 13 10 11 5
33 64 21 86 35 30 53
81 86 78 45 48 38 23
92 91 81 54 45 40 25
2 21 18 52 39 24 41
70 61 75 37 38 41 23
80 82 72 48 41 34 19
68 70 59 37 30 30 16
62 64 76 32 39 36 19
45 51 49 25 21 24 11
73 81 73 36 36 30 15
94 80 83 47 46 46 25
34 35 36 20 17 17 10
39
39 78 81 20 29 87 37
44 45 46 19 21 22 7
24 64 40 53 43 91 29
12 9 8 5 3 4 1
89 87 16 42 45 90 7
1 56 41 67 27 20 60
0 1 1 0 1 0 0
38 48 39 87 50 2 100
78 80 72 40 37 33 18
16 14 19 7 8 11 4
63 60 61 27 28 29 13
93 7 45 9 86 53 37
68 62 59 6 32 29 61
32 4 79 19 91 19 5
8 10 14 3 7 5 2
2 1 2 1 0 1 0
37 84 7 58 25 65 66
14 86 48 26 65 83 98
44 42 49 23 21 24 12
23 23 15 13 8 10 5
8 11 11 3 5 4 1
6 4 5 3 2 4 2
56 44 42 30 21 29 15
35 5 55 95 54 36 0
49 48 40 25 21 20 10
49 49 40 84 5 96 40
30 32 37 13 19 20 10
24 34 32 15 15 10 6
83 65 77 36 33 41 18
43 33 38 20 20 22 11
58 48 52 26 20 23 7
89 50 38 97 90 43 36
82 35 27 53 5 63 59
80 95 14 6 17 21 31
45 41 50 21 24 25 12
20 87 21 98 53 95 37
64 78 80 35 41 32 18
3 7 6 3 4 1 1
71 76 70 39 34 37 20
83
17 12 16 6 6 12 4
3 2 2 1 1 0 0
3 14 2 17 46 23 51
5 5 5 1 2 2 0
45 52 51 24 25 22 14
63 30 30 77 94 50 0
8 33 56 12 63 18 86
80 72 78 32 34 42 16
12 12 11 6 4 5 2
59 58 60 27 27 29 11
59 76 68 57 29 59 75
41 44 41 25 27 22 16
28 31 39 9 18 15 4
13 3 10 1 0 5 0
50 5 28 83 56 74 72
24 24 31 12 17 17 9
82 38 63 27 19 70 90
42 61 81 18 70 20 87
52 4 62 0 65 5 10
100 20 23 19 27 84 26
11 10 8 4 4 5 2
39 40 37 20 15 17 6
15 16 18 6 9 5 3
100 9 56 14 32 13 22
87 81 85 41 41 42 18
72 10 78 74 22 21 54
37 45 43 20 21 18 10
64 17 12 58 33 91 76
18 81 50 20 98 71 42
44 83 69 56 80 28 36
15 10 10 10 7 9 7
57 58 63 25 32 27 11
35 31 28 13 13 15 7
96 24 27 26 26 42 43
3 97 1 87 18 9 67
75 66 89 37 60 54 83
83 85 85 38 41 46 21
70 34 62 3 72 20 65
79 87 77 45 38 39 21
74 63 1 58 59 15 29
39 34 38 18 17 20 10
87 76 91 71 40 16 45
13 66 26 87 97 4 38
24 22 25 58 0 14 54
73 9 97 29 2 56 2
37 31 89 38 15 98 47
32 47 0 47 71 30 19
52 0 16 67 60 4 70
6 1 3 0 0 3 0
24 88 29 89 75 26 62
55 21 13 78 4 56 45
16 90 87 55 88 94 79
77 73 67 50 57 19 87
90 51 10 93 35 64 96
2 4 5 1 2 2 1
72 60 66 37 31 35 18
65 61 68 29 32 34 17
77 73 73 37 31 35 13
68 15 45 95 72 16 0
40 14 20 1 62 67 39
9 16 13 5 7 3 1
54 45 49 25 25 26 11
8 11 9 6 6 2 2
0 6 32 58 75 21 56
74 70 66 36 27 34 12
70 67 72 36 36 37 23
34 31 37 15 15 17 6
94 61 70 11 47 87 25
91 40 40 19 19 64 98
12 6 12 3 5 8 2
61 64 67 27 26 34 9
45 51 45 23 17 24 11
2 1 1 1 0 1 0
7 7 6 4 3 1 1
37 72 93 63 88 70 97
50 52 47 24 26 23 14
30 78 58 83 30 51 7
6 10 6 3 4 1 1
86 86 71 44 35 39 18
46 85 44 32 86 91 82
18 19 16 10 9 9 4
2 5 4 2 3 2 2
15 15 16 5 7 6 3
36
25 22 13 34 92 80 80
3 0 3 0 0 2 0
40 26 9 92 67 24 19
82 90 95 39 46 46 20
42 34 40 18 18 24 10
51 48 46 23 20 20 8
52 42 47 56 42 67 75
69 70 73 37 37 28 13
85 42 12 23 82 14 83
48 51 40 25 20 19 10
78 69 85 32 40 42 15
24 30 20 16 14 12 8
27 32 70 30 18 17 97
9 71 67 39 94 92 70
34 78 59 83 21 27 61
100 29 98 9 63 26 71
80 90 99 41 43 45 22
48 39 45 19 18 26 10
74 71 33 92 3 45 7
16 39 77 68 72 90 16
25 25 27 11 12 9 4
24 69 81 0 86 55 40
76 66 69 37 32 33 16
55 49 62 17 29 26 8
75 66 68 42 32 35 19
29 84 96 70 96 19 65
28 62 58 41 8 36 33
34 59 50 16 8 27 9
11 21 14 5 9 5 2
64 66 61 30 35 35 19
93 77 100 32 32 49 12
55 60 54 29 30 26 15
27 68 42 74 72 12 65
74 28 72 84 41 87 13
76 87 86 39 43 36 16
57 56 55 31 28 30 15
13
38 30 37 18 15 15 7
61 50 67 9 52 89 60
57 78 0 44 91 28 34
14 11 11 9 6 7 5
3 17 74 85 65 49 32
16 76 69 99 12 17 54
79 85 34 23 28 54 85
66 56 58 32 33 32 19
58 91 4 73 2 28 63
10 12 9 6 5 4 2
58 68 52 34 21 25 12
80 50 62 9 40 83 69
28 28 25 14 17 15 11
46
33 93 18 35 21 79 0
27 30 29 15 16 14 8
89 89 87 42 50 41 25
31 34 40 14 21 16 7
17 19 17 11 11 10 7
42 74 66 74 60 100 98
42 37 54 92 38 71 33
51 58 18 53 81 75 78
15 19 66 12 11 52 3
92 81 90 44 42 51 24
21 27 32 13 20 13 9
3 4 2 2 2 1 1
25 30 26 14 16 11 6
60 55 67 23 35 40 17
57 67 72 31 38 30 18
73 42 74 92 46 12 18
34 22 20 77 44 67 77
7 14 1 66 81 67 45
65 68 69 27 35 36 17
0 0 0 0 0 0 0
38 15 35 77 5 39 96
11 100 16 61 53 14 23
67 98 21 31 44 19 86
3 8 25 33 98 13 84
9 28 61 27 47 46 43
8 10 8 4 4 5 3
80 77 81 55 25 82 2
35 34 39 20 17 19 10
49 23 34 70 52 63 27
3 1 0 1 0 0 0
63 24 41 76 90 57 29
18 30 28 11 17 10 6
42 47 42 17 22 24 10
23 61 84 90 30 85 74
52 57 60 23 32 27 12
84 75 94 25 28 94 38
59 61 55 36 29 34 22
48 40 46 21 20 24 12
28 36 36 16 18 16 9
26 91 1 46 30 7 73
40 41 44 16 27 20 10
32 2 100 6 99 98 22
60 8 42 82 78 66 63
12 14 14 11 8 7 7
6 69 14 85 53 72 40
46 49 51 24 26 24 11
47
94 79 81 40 38 45 19
35 81 24 74 49 56 76
53 87 99 4 66 34 62
44 58 52 25 34 23 15
76 87 24 32 56 38 24
46 79 7 28 43 52 88
100 95 96 52 55 55 31
60 87 46 68 37 5 8
30 33 22 16 8 16 7
73 58 79 31 31 41 19
55 25 83 67 23 75 45
63 82 20 91 49 35 62
33 2 68 75 18 0 61
26 76 12 83 20 37 27
79 87 79 93 46 40 8
95 89 49 20 62 73 80
68 74 80 32 35 36 16
20 97 73 71 32 41 63
30 23 25 14 11 12 4
99 83 87 47 42 50 24
85 85 85 47 40 44 20
12 11 12 5 7 6 2
61 20 19 45 88 49 89
74 80 53 16 83 55 45
7 9 6 5 4 1 1
89 91 66 40 54 58 72
66 65 73 31 33 34 14
25 83 84 43 73 8 39
40 44 35 23 23 14 9
56 60 49 34 24 22 11
4 83 47 71 36 29 14
8 6 83 32 63 56 20
22 18 25 96 33 91 95
23 82 86 54 46 92 66
55 74 31 41 12 75 78
78 76 76 31 43 33 16
67 65 78 28 39 33 16
69 62 61 29 25 33 15
34 39 35 17 15 15 6
43 96 83 54 18 66 21
68 82 79 38 37 38 18
17 21 67 7 59 35 70
91 59 6 10 61 5 94
27 29 29 14 16 15 8
53 54 51 28 26 30 16
33 17 29 67 38 22 69
79 85 77 39 38 34 18
16
87 75 79 41 38 47 22
33 28 29 19 15 16 8
67 70 57 37 33 30 16
36 22 33 16 13 18 9
33 99 13 92 55 41 55
80 3 97 52 24 57 20
41 26 36 12 15 20 6
81 69 77 34 38 49 25
27 9 70 51 99 58 43
76 74 83 39 36 36 19
22 19 24 8 10 14 5
10 38 29 5 90 43 10
48 48 52 22 29 30 17
56 54 53 23 27 21 8
52 40 63 49 48 5 94
79 76 84 37 34 35 13
97
52 100 1 34 67 46 26
22 20 23 11 10 14 6
9 8 8 2 4 4 1
12 88 35 51 29 31 31
23 17 20 10 8 12 3
48 98 63 77 12 54 32
25 36 30 13 19 10 7
53 55 47 26 29 24 13
30 24 28 16 10 17 8
23 59 50 28 25 6 93
22 21 18 11 9 11 7
76 90 81 39 43 38 20
28 28 28 13 13 17 7
8 10 15 4 7 5 2
15 31 71 5 57 25 40
47 55 9 73 95 64 1
83 2 50 22 79 26 73
53 64 56 25 29 25 12
60 64 36 92 97 14 64
31 29 26 15 16 15 8
10 6 11 2 4 8 2
10 30 43 19 71 39 84
7 78 23 38 69 34 80
99 9 97 66 27 18 56
21 36 76 57 52 19 18
9 7 8 5 2 3 1
39 93 42 51 13 45 67
55 64 58 31 35 27 18
0 74 8 96 12 2 47
91 46 63 39 85 93 6
19 76 76 22 42 58 93
58 61 53 35 34 34 22
17 17 15 8 7 9 5
85 100 77 62 72 79 81
3 10 92 90 24 24 79
44 99 13 19 51 10 73
16 42 73 16 52 90 62
58 46 55 24 27 29 12
48 13 35 93 16 47 79
9 5 6 3 3 5 2
75 60 72 38 30 35 15
80 75 77 45 37 43 24
43 35 42 17 14 24 8
67 67 64 35 31 35 19
7 9 8 4 5 2 1
19 15 26 4 9 12 0
11 44 60 41 82 100 76
28 1 75 0 4 39 31
15 84 77 69 49 56 1
55 21 32 31 28 77 28
82 69 69 44 26 30 12
15 7 12 4 4 6 1
15 15 49 72 91 53 77
77 79 71 40 34 41 20
12 15 13 6 5 4 2
88 75 87 59 98 73 62
60 99 35 94 56 41 47
83 85 33 42 34 82 72
78 72 57 33 27 27 12
81 94 80 44 41 36 18
59 74 72 50 89 50 34
94 32 17 47 26 72 4
71 63 62 34 29 39 17
34 68 70 23 28 17 69
4 1 2 1 0 1 0
59 69 30 3 43 51 38
82 87 86 70 14 93 99
20 20 20 7 14 11 6
45 96 54 53 100 1 15
63 66 62 33 33 33 18
36 24 53 57 10 26 33
9 9 11 4 4 7 3
66 16 86 79 47 65 71
87 99 86 41 41 40 16
70 68 65 31 92 25 45
0 60 37 90 39 98 100
57 54 47 26 25 23 11
81 39 43 36 63 82 40
68 71 76 39 40 36 22
40 17 17 72 27 44 1
6 7 5 2 2 2 0
80 75 86 37 38 43 19
44 39 38 21 13 14 5
70 73 74 35 38 31 17
23 11 79 37 33 82 10
30 36 33 18 20 12 9
88 87 83 47 42 44 21
36 37 38 13 58 5 27
15 13 15 8 9 8 5
92 24 32 94 92 57 95
63 69 54 37 25 25 12
66 7 4 15 30 10 37
36 2 76 48 95 11 45
5 3 3 1 1 2 1
13 19 12 5 10 4 3
13 9 14 5 3 6 2
53 53 63 28 27 27 17
95
22 95 100 68 45 63 12
7 64 71 40 88 18 98
96 96 83 41 42 40 17
19 14 14 10 7 7 5
3 5 8 2 3 3 2
75 66 68 37 30 40 18
35 31 70 91 10 78 20
4 5 3 4 2 1 1
21 44 19 92 98 84 15
76 95 81 46 42 37 21
25 58 66 58 60 69 73
36 63 49 34 4 18 14
97 99 72 51 41 35 18
27 77 55 30 69 3 85
57 63 59 31 29 33 15
36 44 39 19 24 17 10
93 82 85 45 35 44 19
8 9 7 4 5 3 2
53 57 60 28 29 30 13
0 0 0 0 0 0 0
97 85 94 44 45 52 27
57 22 37 8 24 22 57
83 90 74 45 41 37 19
37 6 61 67 47 6 74
26 16 19 10 5 13 4
18 16 10 11 3 7 3
60 53 60 30 31 34 18
9 41 2 82 81 30 1
27 30 7 9 34 31 100
13 87 54 4 88 72 36
38 43 46 22 26 24 12
67 87 69 85 64 1 42
90 77 12 41 35 55 17
15 15 48 10 94 3 17
82 80 71 44 45 45 27
57 84 46 70 37 97 87
98 98 92 50 41 41 20
91 70 33 18 25 28 29
17 14 10 6 5 5 2
67 19 56 0 57 25 41
83 51 52 33 60 81 79
64 76 34 22 94 99 68
27 36 31 16 17 9 5
25 25 90 1 70 19 90
27 34 28 12 16 13 5
57 46 59 23 23 27 12
58 41 16 31 16 36 50
83 87 81 45 45 42 26
98 47 14 40 45 23 32
81 76 26 14 18 90 85
80 83 36 68 64 57 99
13 44 90 95 46 52 61
61 51 47 31 29 26 16
86 16 57 62 74 85 97
39 47 37 22 19 19 10
24 42 70 54 26 47 41
45 53 50 21 22 20 9
72 22 1 15 0 55 29
85 70 70 40 39 41 24
35 12 66 56 11 81 17
0 95 60 91 15 44 61
19 43 99 55 35 59 42
79 91 95 68 5 12 52
58 53 81 47 9 94 90
57 72 67 29 35 27 12
100 4 15 47 12 16 39
47 57 45 27 25 19 12
35 32 38 17 14 21 10
58 51 53 26 24 23 9
35 72 53 51 73 57 45
71 72 72 29 37 41 19
50 51 50 22 26 24 11
42 40 44 20 19 20 9
75 67 85 28 34 42 16
29 27 23 17 10 14 8
77 98 87 42 48 37 21
62 61 57 24 32 25 10
44 48 54 21 29 27 15
84 83 3 5 77 22 26
53 58 62 31 37 30 20
81 76 41 90 39 33 82
37 33 45 19 18 24 12
4 4 5 2 3 2 1
19 74 88 52 84 2 38
8 10 10 4 4 4 2
60 61 62 33 28 32 13
47 43 52 25 21 28 14
87 90 87 43 41 48 25
94 80 88 41 43 48 24
99 96 89 60 48 56 34
31 24 28 12 12 15 4
62 22 88 31 79 58 62
64 36 76 99 42 37 1
67 62 73 40 34 45 24
35 32 34 18 18 21 12
87
76 77 69 33 38 38 17
54 56 63 24 26 23 8
51 44 44 21 18 25 10
25 25 29 10 13 14 4
40 28 34 28 71 72 88
83 96 81 49 48 43 27
55 55 60 21 25 25 7
76 13 1 73 36 85 44
50 96 98 37 80 53 10
75 34 82 87 26 4 93
94 75 90 38 35 44 19
20 20 75 76 89 61 97
84 29 29 93 44 22 29
25 40 15 80 83 7 7
30 20 28 13 12 16 9
15 45 38 77 37 29 25
58 52 58 30 31 31 20
2 32 62 75 55 33 80
20 48 67 23 37 70 96
87 70 44 61 35 32 20
91 13 24 93 71 33 68
69 73 60 34 31 34 19
45 92 55 81 100 38 16
29 49 85 1 79 67 41
64 60 68 28 28 33 12
19 14 15 9 6 10 5
10 8 9 5 4 8 3
23 29 29 17 19 13 9
25 30 30 17 15 12 7
52 52 54 25 28 24 12
49 41 42 21 15 18 7
5 7 7 3 5 3 2
78 82 74 45 40 39 25
20 13 15 6 7 7 2
29 31 23 14 10 9 3
72 82 12 47 84 64 88
99 9 39 86 5 43 85
66 83 65 62 4 75 47
28 96 72 22 24 82 39
27 46 67 73 14 24 7
31 47 68 87 32 38 24
25 31 28 16 16 11 7
72 33 4 97 15 55 94
90 68 61 21 7 51 1
45 42 53 48 94 87 8
12 18 27 53 40 72 20
32 61 37 6 9 91 35
96 89 94 45 50 46 23
28 39 19 88 89 41 61
97 53 98 77 98 91 64
77 60 72 74 1 75 40
7 3 4 3 2 4 2
70 56 3 65 36 82 66
22 33 13 6 85 19 1
76 80 78 32 45 35 19
3 78 36 29 93 66 39
69 13 25 49 26 38 0
83 27 72 43 42 82 62
65 88 53 24 42 24 19
28 36 34 19 23 17 12
64 51 25 92 51 11 99
15 90 95 68 59 45 22
17 1 34 15 74 36 90
83 83 87 42 45 40 20
69 22 19 19 66 11 28
5 6 7 5 4 3 3
2 1 1 0 0 1 0
65 71 72 31 36 37 17
82 90 93 41 54 39 24
24 18 52 41 72 35 27
72 29 94 3 37 14 45
72 99 20 65 62 5 36
18 23 11 100 71 90 44
58 61 71 25 34 32 13
79 54 63 84 51 73 79
60 52 92 20 2 29 88
4 4 1 3 0 1 0
67 69 59 31 34 30 15
21 65 40 53 12 6 64
11 9 10 3 5 4 1
44 55 74 1 56 26 99
27 55 83 86 13 69 64
22 22 22 12 15 10 7
70 100 30 32 95 36 94
20 21 29 9 12 14 7
93 54 75 42 74 12 42
89 82 99 38 42 47 21
8
3 88 55 88 44 27 88
6 8 8 5 7 5 4
52 57 56 23 26 20 10
100 9 31 58 5 11 100
1 2 1 1 1 1 1
62 57 53 28 25 26 8
66 64 49 35 25 26 14
83 93 86 39 48 45 18
38
67 57 66 32 25 43 16
64 62 14 85 38 57 2
25 25 23 12 10 11 6
15 16 18 7 11 10 6
19 19 18 11 5 5 2
26 27 28 12 15 14 6
29 28 32 13 12 16 6
78 96 31 17 50 64 73
70 54 68 57 53 95 95
57 50 29 0 12 54 93
14 11 8 9 4 6 4
0 0 1 0 0 0 0
81 67 73 0 15 51 52
23 28 29 15 18 14 10
92 52 1 95 4 87 74
26 32 28 10 18 15 6
40 39 40 21 19 21 9
38 46 50 18 24 23 12
47 53 52 31 30 27 20
23 94 65 71 99 27 35
10 81 96 95 25 30 38
52 66 53 27 31 25 14
62 57 63 27 27 29 14
22 34 74 97 72 96 81
8 98 95 80 77 89 30
85 41 23 73 74 37 11
97 82 80 47 47 48 27
25 26 29 7 16 12 5
19 23 7 43 99 71 56
75 43 86 85 52 67 37
77 75 19 94 35 58 75
59 52 54 29 25 28 15
36 97 33 92 27 10 40
49 36 40 24 21 23 16
75 85 87 37 46 45 19
99 97 94 82 85 9 68
17 96 97 72 77 11 79
52 36 60 22 22 29 12
86
86 49 18 48 11 92 30
25 12 62 34 81 96 79
9 17 12 5 7 6 2
47 55 16 62 88 5 81
100 1 19 87 12 88 41
75 7 43 15 18 5 77
22 29 59 75 18 66 41
89 99 96 42 54 39 19
92 100 99 45 47 45 20
99 95 89 50 44 47 24
26 39 26 15 16 12 6
19 45 68 15 97 47 22
68 1 0 37 88 31 42
7 10 8 1 4 4 1
25 34 27 14 17 10 6
33 39 62 49 87 58 17
52 74 76 79 54 59 7
58 64 66 29 38 35 21
92 84 74 41 35 45 21
37 50 7 27 19 45 80
57 75 15 63 1 51 9
90 90 78 43 46 42 21
53 44 49 25 28 28 16
18 6 35 56 84 85 27
32 31 35 19 18 20 11
52 53 16 32 90 43 87
34 78 73 69 2 54 75
48 48 55 23 22 20 10
59 70 13 65 66 55 71
27 28 21 12 11 8 4
31 82 89 80 78 33 60
16 17 19 8 9 9 6
61 55 59 18 20 26 3
41 0 30 59 1 42 14
93 20 37 70 80 15 11
24 93 65 57 72 49 62
20 21 15 16 10 8 6
29 29 28 17 16 12 8
30 35 36 16 18 19 10
73 69 79 37 40 42 26
85 2 81 60 57 67 5
89 84 74 28 14 10 43
16 20 22 9 10 6 4
54 11 9 2 72 57 2
57 62 69 26 32 33 13
24 55 55 12 3 86 83
80 84 92 38 42 45 18
14 9 10 7 5 8 4
46 32 39 21 13 18 9
74 83 82 46 44 41 26
16 18 16 6 9 6 2
12 58 25 35 36 79 74
72 95 42 18 68 32 43
94 70 96 34 29 32 80
20 38 100 22 65 46 82
7 72 31 83 88 99 75
63 88 55 99 70 40 41
31 9 58 80 40 9 32
48 65 61 24 54 45 19
56 85 26 52 75 73 15
90 86 86 21 42 16 22
84 97 79 43 35 34 16
98 79 80 72 32 0 94
56 42 86 50 6 53 83
16 35 75 78 34 45 92
73 76 47 39 27 38 10
28 18 57 56 89 43 36
5 7 6 4 4 3 3
55 37 38 80 95 10 94
21 90 15 33 20 44 38
81 82 75 44 42 41 23
64 39 42 30 99 14 23
77 74 80 37 41 41 22
25 77 63 41 90 8 9
35 67 11 30 65 7 76
62 42 52 17 17 77 9
73 62 62 30 29 27 10
97 85 92 42 39 47 17
73 12 85 37 18 58 74
90 30 61 80 57 27 63
78 84 65 40 22 30 9
29 28 19 16 9 10 5
24 80 11 82 82 55 0
49 50 58 20 25 30 12
35 6 47 82 87 62 69
9 9 9 4 7 4 4
14
41 31 64 10 19 87 22
5 11 13 4 7 4 4
40 42 36 24 22 24 16
97 0 18 93 96 92 63
45 50 42 26 24 18 11
62 14 45 26 58 80 33
46 41 44 19 24 26 12
51 69 58 35 33 28 17
53 53 30 26 92 87 35
93 93 99 46 53 48 28
49 24 25 33 83 3 40
11 14 9 6 5 3 1
50 82 6 8 57 92 52
32 30 35 12 19 15 7
6
56 66 72 62 46 1 28
97 96 90 48 51 43 24
46 48 45 20 26 22 12
20 13 14 7 8 11 5
9 36 61 20 7 92 49
37 45 39 25 23 15 11
90
72 68 71 36 35 36 19
87 46 54 68 58 64 78
44 37 44 18 16 18 5
53 27 50 45 60 78 21
55 86 60 67 7 74 70
89 96 81 42 42 36 18
47 42 41 23 20 25 11
40 37 33 22 17 20 11
61 58 73 24 27 31 10
70 26 99 24 38 99 71
51 91 27 46 86 22 61
35 44 39 22 19 15 9
36 22 31 43 48 2 79
98 35 94 38 50 85 15
51 50 47 21 22 24 11
38 59 57 9 85 93 10
42 75 92 52 50 28 75
6 53 54 96 34 57 60
57 84 49 47 1 87 20
46 57 45 23 25 22 12
77 80 4 66 1 26 82
59 60 52 31 28 28 18
84 58 40 17 53 24 64
88 83 93 47 52 44 26
25 97 62 50 14 83 38
26 7 4 91 64 96 12
50 0 69 35 94 50 18
98 15 7 72 93 82 13
76 77 81 38 39 39 18
44 44 38 26 19 21 12
43 15 51 74 30 55 44
96 95 80 44 38 38 18
17 11 13 5 5 7 2
80 14 3 78 60 85 39
14 95 80 63 4 95 23
19 93 57 25 8 18 98
30 83 78 16 100 75 72
51 39 37 23 18 23 11
58 100 20 34 70 10 45
12 9 7 6 3 6 3
9 80 34 37 67 90 46
74 74 73 39 35 38 21
66 67 77 28 43 34 16
93 77 100 41 36 58 21
66 69 72 34 36 38 20
66 63 51 36 28 24 12
46 46 56 19 29 27 12
3 0 68 47 57 16 65
32 28 68 8 55 64 75
46 47 54 21 25 21 12
79 68 93 37 48 52 27
41 35 38 55 31 100 46
19 10 55 72 57 89 38
3 2 3 2 1 1 1
57 83 25 46 1 25 57
69 68 24 28 55 23 73
66 36 70 90 93 89 14
54 57 50 27 29 30 16
79 74 86 42 40 40 18
36 44 43 23 25 18 12
24 20 23 8 10 14 4
21 16 25 6 8 12 5
9 14 12 7 7 6 4
95 22 85 77 52 54 90
57 60 93 10 36 2 26
73 99 84 76 23 1 83
57 55 48 32 28 28 16
33 28 35 16 18 17 10
4 2 54 34 57 18 66
96 93 84 52 43 48 28
2 11 61 40 26 60 21
19 22 23 8 7 7 2
16 17 12 9 6 6 3
24 26 28 14 16 15 7
37 59 21 97 13 100 78
58 36 73 39 100 24 94
88 91 91 40 48 45 23
12 97 33 74 35 3 47
56 61 70 26 29 25 12
48 9 1 15 1 27 24
53 86 77 86 58 24 3
5 2 7 1 1 4 1
37 30 42 14 15 21 6
79 61 72 37 31 43 17
51 85 48 41 28 2 87
6 6 4 4 2 3 2
44 58 42 26 30 21 16
75 64 83 29 38 40 18
19 97 89 62 20 91 13
95 96 98 52 44 45 21
5
15 33 56 82 1 100 3
77 9 59 12 61 17 32
47 56 50 27 26 26 16
93 76 68 25 20 10 80
42 33 42 16 17 20 8
40
14 76 36 62 7 32 32
19 22 24 9 13 12 7
22 17 41 36 77 3 32
61 58 66 31 32 28 14
90 4 67 62 88 41 48
86 38 41 59 68 36 92
66 99 26 88 22 33 91
76 41 33 91 11 40 44
51 54 55 23 23 25 10
58 57 45 37 28 27 19
3 4 5 1 4 2 1
21 11 15 71 76 96 14
98 98 79 51 40 40 18
21 23 18 14 13 8 8
23 18 99 68 98 21 96
4 88 66 81 29 91 48
17 13 17 7 6 11 5
25 30 54 81 30 89 81
20 21 16 12 8 8 4
73 15 69 18 21 17 45
9 3 53 33 36 61 0
34 37 20 51 61 49 50
33 12 80 69 50 97 90
19 14 20 6 3 8 0
80 7 33 87 21 65 20
77 67 73 43 35 42 23
43 40 37 21 17 22 10
7 54 44 89 74 63 81
6 7 3 3 2 2 1
25 26 29 13 13 13 6
4 4 3 3 2 2 2
17 18 16 9 12 12 8
59 44 8 47 30 59 87
86 76 75 48 41 47 27
53 51 46 27 22 23 11
22 89 49 8 77 57 11
79 69 74 35 35 33 17
43 45 46 22 24 17 11
39 71 42 41 83 58 93
48 50 51 14 25 20 5
92
36 34 34 17 20 18 9
23 25 17 13 11 7 4
90 94 95 38 45 51 22
33 29 32 14 14 19 7
45 43 45 19 25 18 8
56 56 57 32 32 28 16
40 32 27 20 15 17 9
76 20 41 90 56 63 1
37 82 70 77 13 20 14
40 93 43 60 57 48 42
56 72 88 72 29 36 58
5 17 100 10 21 75 80
9 14 8 5 7 2 1
66 53 58 25 24 27 11
41 41 42 18 25 19 9
8 17 82 65 14 49 77
52 84 40 19 27 11 0
27 56 27 51 22 2 12
48 58 96 75 44 1 20
67 67 64 38 36 33 19
28 25 28 15 15 12 6
91 81 85 40 41 46 21
21 68 54 39 88 48 89
7 41 0 31 53 1 67
47 23 85 15 81 28 57
4 49 83 57 89 89 32
49 42 51 20 21 29 11
9 3 92 47 28 47 77
71 62 93 8 85 78 35
35 37 35 17 13 14 4
18 41 100 63 32 25 50
91 88 100 45 42 46 22
70 69 54 39 29 33 17
82 43 53 62 57 100 70
20 21 19 12 11 12 7
40 29 54 19 22 58 20
59 57 45 31 26 24 14
8 77 3 52 3 52 39
63 25 63 3 78 29 47
17 88 60 95 99 54 8
24 25 26 8 13 15 5
82 84 80 41 37 34 15
20 18 19 10 7 10 5
13 32 80 5 88 10 19
50 61 8 55 36 56 49
35 43 42 20 24 21 13
21 36 18 76 80 63 94
12 4 1 67 34 95 85
62 7 19 28 63 15 99
43 41 99 76 26 93 57
73 44 37 85 58 73 81
93 89 81 51 42 38 25
21 59 11 38 33 18 25
60 57 58 31 27 33 14
71 85 75 38 45 33 16
91 1 80 73 15 6 55
62 62 70 31 33 31 13
70 69 59 81 51 69 14
75 68 76 28 39 37 18
98 97 81 49 41 41 20
77 74 16 3 59 19 67
12 14 14 4 7 4 1
84 85 89 40 52 44 22
42 44 52 15 24 25 8
18 0 1 5 35 4 8
24 28 27 12 15 14 7
52 75 5 63 66 9 37
55 41 2 28 85 16 75
79 99 100 40 55 50 23
65 60 64 30 31 33 14
58 57 57 24 25 27 11
73 78 67 42 37 38 22
71 68 72 34 33 39 19
27 29 22 16 9 13 6
10 11 14 5 6 6 3
79 29 49 18 62 12 56
78 93 87 42 43 35 17
66 2 78 53 17 75 85
1 61 76 12 92 65 98
25 27 24 11 14 14 6
80 2 4 32 31 22 28
1 86 67 32 78 38 49
59 96 55 5 79 65 2
16 10 16 4 5 9 2
46 26 80 62 32 79 25
75 53 68 25 29 41 17
47 47 26 90 42 89 52
82 52 97 11 37 8 62
20 19 22 9 8 12 4
35 9 40 50 56 96 49
83 17 90 22 0 59 34
76 75 78 36 40 39 19
6
3 20 32 13 75 40 33
66 70 64 32 31 29 16
71 84 79 40 43 40 20
99 54 97 40 39 27 40
23 21 32 9 9 13 6
7 9 8 6 5 5 4
71
6 5 5 2 2 5 2
76 73 71 34 30 35 10
8 6 9 5 5 7 5
43 42 44 93 9 45 92
95 80 10 92 31 51 69
27 16 78 31 61 14 0
11 31 58 65 66 77 3
30 30 34 16 18 17 10
94 80 15 4 16 58 33
7 5 43 6 34 53 79
32 41 39 19 24 15 9
45 41 45 17 20 19 7
42 35 38 13 79 90 49
28 23 19 15 10 12 6
29 19 25 10 8 17 5
9 15 17 6 11 7 4
62 85 53 30 69 91 75
82 13 7 17 31 37 64
68 25 71 25 83 23 44
35 32 41 42 69 2 52
88 83 9 87 62 37 66
97 31 13 45 96 68 54
35 31 46 16 20 21 11
94 95 93 44 41 44 21
27 55 24 56 86 49 53
57 77 87 100 100 25 55
25 47 65 30 99 70 65
41 44 45 22 24 27 13
29 27 28 14 9 14 6
92 80 99 52 98 48 10
83 83 79 40 37 42 16
13 7 16 3 4 7 1
32 31 42 14 17 17 8
78 58 44 29 57 23 70
71 79 51 64 87 34 86
81 27 72 38 78 27 60
8 12 14 4 10 5 2
12 16 18 8 10 9 6
16 96 65 53 80 48 85
36 38 42 18 19 24 12
84 79 84 42 40 48 23
35 30 89 47 32 90 30
44 38 44 22 23 30 14
47 97 8 78 61 24 93
82 97 33 29 62 20 44
3 2 4 1 2 3 1
74 79 26 78 25 81 27
78 66 72 41 38 45 27
95 91 95 51 46 48 23
48 53 54 27 24 24 11
25 30 33 18 20 19 14
7 25 65 33 61 71 95
76 82 83 43 48 38 24
54 58 51 36 29 24 16
59 58 59 33 31 33 19
21 57 97 29 59 91 0
5 17 89 24 36 37 79
41 82 72 24 1 40 29
86 23 63 21 35 59 99
79 42 90 61 55 33 44
15 20 66 63 44 25 98
27 60 18 6 84 13 38
51 65 46 31 29 22 14
46 12 79 10 9 53 19
99 88 93 46 39 46 15
98 93 95 46 45 48 24
26 89 0 20 14 75 15
96 65 82 62 14 27 81
82 86 87 45 44 39 21
27 35 31 12 15 12 5
29 28 25 12 12 9 2
6
56 30 8 45 36 14 74
58 42 55 18 21 34 10
89 88 88 42 36 51 22
18 19 15 14 8 10 7
79 73 66 97 55 47 32
72 79 71 43 37 33 19
77
15 68 64 5 98 50 27
95 89 90 52 36 45 18
84 94 88 50 55 43 27
95 100 76 97 41 3 67
72 63 72 30 30 38 14
71 60 79 30 33 38 18
34 39 26 17 12 12 5
67 58 100 83 70 5 16
43 24 11 95 97 84 11
17 45 81 21 19 25 25
4 3 4 1 1 2 1
94 88 35 56 62 64 81
50 50 49 23 21 21 9
41 34 32 17 8 15 3
26 30 26 15 16 10 7
46 82 43 7 3 41 70
67 22 55 98 75 79 12
96 85 64 65 40 86 9
81 94 99 43 54 43 25
26 35 25 16 14 11 6
29 3 41 36 43 24 41
1 25 16 18 29 61 47
73 49 56 90 40 17 32
11 8 12 4 5 8 2
40 42 38 16 21 17 8
77 61 69 33 34 38 18
69 91 90 59 36 94 17
43 37 3 1 24 88 11
46 59 51 32 33 25 19
81 71 84 43 31 41 19
63 64 48 98 11 65 71
86 73 29 68 2 55 5
68 37 93 12 35 75 30
34 50 14 11 53 25 61
47 54 12 100 16 57 0
100 96 91 44 42 48 18
63 59 55 37 26 30 19
56 75 65 59 10 12 45
2 36 63 23 91 38 49
60 2 35 66 42 17 80
26 24 9 97 38 14 10
3 3 79 71 74 91 97
34 24 28 14 13 18 7
1 1 0 1 0 0 0
82 46 86 70 85 65 82
45 60 91 29 84 38 98
23 28 29 11 15 12 5
67 15 93 2 43 97 4
22 19 29 10 12 17 8
59 64 58 39 36 32 24
57 22 76 93 96 90 34
42 43 41 25 17 22 11
33 31 33 12 16 18 6
75 86 80 40 45 39 18
8 24 80 25 7 63 24
48 45 49 22 24 22 13
46 42 48 24 21 31 14
33 31 35 15 16 13 4
59 98 82 49 100 7 89
46 41 41 22 21 24 14
55 66 61 26 34 29 15
10 47 82 19 88 57 19
77 57 8 93 55 19 65
56 47 40 29 16 23 11
46 67 72 82 31 94 76
26 19 25 11 11 17 6
45 44 49 22 23 26 12
30 77 7 6 91 88 41
34 35 36 16 19 15 8
6 62 26 3 37 77 83
82 52 92 12 4 94 52
15 21 15 8 7 6 3
42 44 55 23 27 26 14
1 1 1 1 1 1 1
65 38 100 3 64 58 48
17 71 42 74 90 50 66
70 64 75 28 37 40 13
49
12 13 10 8 4 3 2
88 95 81 48 46 36 18
46 65 39 0 44 79 17
55 41 44 26 18 27 9
91 85 88 48 44 44 22
80 78 80 34 38 40 17
56 0 19 43 28 96 39
49 39 44 23 22 24 14
38 33 32 14 16 16 8
31 36 32 14 16 12 5
32 31 39 15 20 18 10
13 10 13 3 5 5 0
49 27 68 87 1 46 96
70 63 71 34 36 28 13
38 41 49 20 20 21 10
1 0 1 0 0 1 0
56 55 100 14 20 89 57
2 3 3 1 2 2 1
1 9 88 40 50 22 57
13 21 35 26 96 49 51
10 8 13 2 4 7 1
19 18 17 11 10 9 6
2 6 68 61 97 48 23
90 82 75 48 39 43 25
37 33 96 91 4 91 57
29 25 24 11 13 10 6
21 54 82 52 91 67 77
74 65 28 55 67 18 48
9 9 7 3 3 4 0
8 10 10 5 5 3 2
26 46 33 15 18 8 3
31 32 18 40 10 31 2
32 68 41 68 28 96 21
60 90 10 76 92 24 42
56 66 59 25 34 30 16
2 78 82 89 32 47 36
38 31 32 14 14 20 6
38 39 41 23 19 24 14
8 47 36 12 37 60 75
27 26 28 10 11 11 5
69 74 60 21 33 13 52
54 40 39 20 15 25 12
37 35 45 19 21 25 13
71 60 68 32 24 34 13
1 74 34 64 0 99 21
4 94 85 50 70 41 32
32 62 90 17 89 54 33
87 88 95 41 39 46 21
19 12 13 6 5 9 3
75
14 17 13 6 8 6 1
0 47 75 99 67 57 45
15 72 95 34 10 36 96
84 2 22 13 69 67 40
16 14 15 6 5 6 1
40 69 18 42 32 38 13
59 58 54 31 28 30 16
46 51 1 52 35 58 73
55 60 32 51 35 26 72
51 48 41 28 26 24 17
70 81 54 48 15 29 46
56 52 59 28 28 30 16
22 88 10 83 96 60 2
91 59 13 90 77 53 20
15 6 37 35 2 13 33
32 52 24 73 100 53 98
5 3 3 3 1 1 1
21 49 99 35 85 76 75
72 90 92 42 51 41 23
44 80 14 8 97 47 60
64 0 99 54 68 22 23
21 4 7 32 80 33 11
4 94 15 2 96 37 33
32 73 30 62 56 36 53
81 94 83 44 45 36 23
90 73 13 33 69 7 39
54 62 52 34 33 27 20
7 5 7 1 2 4 1
27 25 19 9 8 10 3
40 76 8 72 97 15 26
33 90 27 14 24 43 34
6 50 40 33 60 15 62
79 12 21 17 85 80 34
54 46 60 18 24 29 10
95 42 38 78 86 69 32
65 53 56 20 26 32 13
12 12 12 3 3 5 0
95 65 52 50 53 29 99
47 6 36 81 100 38 76
62 78 81 35 37 29 13
44 9 29 11 16 74 13
57 89 71 44 45 40 1
99 8 13 50 45 99 41
74 22 78 45 17 79 52
25 22 25 14 13 17 9
84 87 78 38 35 36 11
93 28 70 57 27 14 91
33 25 30 17 15 19 10
61 39 83 44 19 0 16
55 44 54 23 25 29 13
22 26 20 13 5 7 2
28 24 27 12 12 15 7
60 97 69 96 22 17 6
35 24 33 14 10 16 5
100 60 2 84 79 63 33
26 25 19 12 9 11 3
16 71 84 4 46 19 75
65 68 75 26 37 30 11
89 78 90 40 43 47 19
93 5 59 9 76 7 64
23 29 29 11 14 11 5
41 43 34 23 18 14 9
38 69 1 85 84 49 98
78 62 81 38 43 37 58
27 64 20 40 1 4 46
15 9 78 32 100 77 26
66 74 71 35 37 32 20
17 14 85 28 6 71 50
28 33 24 11 13 6 2
6 2 82 98 8 26 47
34 64 26 75 64 90 5
36 35 35 16 17 17 7
51 100 40 61 26 98 69
61 52 23 72 0 73 75
46 50 61 26 28 28 14
100
63 61 74 29 38 40 19
26 70 10 19 45 13 82
76 79 60 35 34 32 16
23 18 16 15 7 7 5
45 41 44 18 19 21 6
55 43 2 59 92 72 38
27 30 31 14 12 17 6
13 11 10 8 6 8 5
78 88 65 44 35 35 18
84 10 71 10 63 23 78
1 18 30 58 22 76 42
27 63 63 66 84 92 34
18 27 21 11 12 7 2
38 34 36 17 14 18 6
45 39 27 34 23 24 38
53 86 46 75 56 31 94
7 90 9 67 16 70 46
23 47 85 63 97 96 70
71 83 77 41 43 35 19
21 22 29 2 92 51 30
4 0 15 24 66 54 48
80 76 77 40 39 40 22
55 77 9 27 62 50 30
37 33 34 14 16 14 5
25 74 42 21 54 75 25
35 37 34 23 15 16 11
97 57 6 86 35 76 96
50 39 39 22 17 23 9
43 50 44 21 21 22 10
11 3 32 17 38 71 52
28 23 16 14 7 11 6
90 14 72 33 30 84 47
99 42 13 77 87 9 88
42 10 16 39 80 17 43
20 94 72 67 87 30 75
74 68 86 36 41 45 23
84 73 76 38 31 38 15
82 80 87 35 38 42 16
7 85 50 92 64 85 84
42 10 46 18 42 21 40
14 37 8 34 97 20 72
50 65 96 93 15 67 20
16 16 13 8 8 8 4
13 13 93 24 41 79 59
85 86 92 43 42 42 18
6 5 5 4 3 2 2
95 70 99 74 43 32 42
45 39 38 20 14 24 9
13 9 12 4 4 9 2
49 54 77 21 18 45 4
50 54 46 23 23 21 10
90 85 95 42 48 45 21
13 11 13 2 6 5 1
14 24 14 7 9 5 2
45 41 51 85 78 5 58
29 10 57 42 51 18 48
2 4 2 2 1 0 0
63 18 77 99 20 95 24
0 1 1 0 1 0 0
89 93 93 45 48 50 22
35 4 3 57 94 67 33
12 73 16 10 75 54 64
15 76 32 2 73 58 28
40 84 99 56 12 61 15
38 38 12 52 61 65 30
20 21 21 13 8 9 5
88 91 95 48 52 48 30
26 27 21 11 10 7 4
76 77 83 31 39 40 16
37 41 75 65 14 92 76
20 20 16 8 7 10 3
29 90 51 4 64 66 66
32 45 9 8 35 24 45
73 79 63 37 40 33 20
97 100 85 55 52 45 29
37 36 40 17 20 18 11
13 82 40 46 44 79 39
35 33 35 20 20 18 12
62 66 49 32 29 24 13
90 0 50 21 93 57 7
21 17 17 11 7 10 5
58 51 2 87 47 72 84
76 41 72 44 19 32 40
39 45 48 21 24 23 13
94 96 44 42 53 30 53
69 68 70 32 30 37 15
1 62 57 17 86 57 63
39 45 50 24 23 22 13
84 85 75 46 48 43 29
88 77 29 61 71 47 53
64 51 97 73 26 69 73
31 13 87 98 66 48 61
88 72 83 41 37 43 20
30 28 31 15 15 16 10
23 53 67 64 45 12 36
27 27 22 16 12 12 6
48 80 99 100 0 78 57
51 53 33 53 39 38 47
79 3 77 47 57 39 49
48 44 50 26 21 22 11
87
39 31 33 19 14 21 11
37 43 37 26 18 20 13
91 2 74 21 71 93 49
90 80 6 87 7 83 14
71 13 22 89 14 60 25
13 12 10 9 5 4 4
17 23 23 5 9 10 2
18 20 17 12 11 8 6
33 29 27 15 11 14 6
68 59 80 30 38 42 20
76 99 68 46 62 32 88
18 19 20 6 9 7 3
60 68 60 30 39 23 16
96 46 78 73 39 0 7
4 90 40 17 65 96 88
77 76 74 43 39 36 22
32 33 32 11 17 16 6
49 83 8 21 40 10 90
88 8 41 14 22 55 9
91 84 98 41 43 48 25
27 30 32 13 22 17 10
34 55 51 23 30 19 13
13 12 16 6 11 8 6
6 8 3 6 3 2 2
40 31 33 20 18 18 9
47 13 60 94 81 96 83
23 25 19 17 13 11 7
93 84 82 45 39 38 19
91 6 18 64 41 39 47
13 72 75 94 40 100 11
87 5 24 63 23 5 79
87 90 83 4 13 45 74
10 11 9 7 4 4 2
16 13 10 9 3 6 1
84 90 92 45 44 48 25
55 14 30 81 71 82 15
64 53 50 29 24 32 13
11 85 91 54 92 16 17
2 3 3 1 1 2 1
19 31 72 29 78 31 75
22 77 26 85 17 49 65
84 62 48 72 58 66 9
89 34 12 47 43 89 6
6 34 52 80 45 38 66
70 66 84 32 38 42 21
23 17 18 8 8 10 3
66 72 78 33 42 33 15
86 94 65 88 63 82 84
36 64 0 16 71 52 16
95 94 43 32 34 13 50
30 4 89 62 84 43 100
44 46 48 23 29 21 13
30 34 35 16 20 16 8
75 83 85 44 47 44 28
68 11 87 7 93 79 20
8 6 7 70 1 91 29
40 76 59 65 64 51 36
1 53 42 15 64 67 10
33 13 17 87 12 78 6
78 75 40 22 37 80 18
60 70 73 35 38 32 19
81 90 65 18 61 75 76
84 92 76 45 43 39 23
53 89 54 73 65 22 78
34 48 57 35 3 2 10
65 66 2 35 62 76 69
20 13 16 5 7 11 3
66 75 71 28 34 30 10
9 2 3 5 7 24 41
45 40 42 23 25 27 17
22 19 16 10 8 8 5
2 3 2 1 1 1 0
56 57 57 28 30 28 14
50 46 24 14 92 74 90
56 39 8 99 95 38 3
98 83 85 42 36 39 21
29 82 98 5 98 65 5
67 67 58 35 30 29 13
78 68 84 35 35 42 20
89 75 14 14 41 74 30
2 20 58 38 26 85 71
99 5 97 92 98 3 93
2 1 0 1 0 0 0
6 100 28 94 99 76 18
40 37 41 20 22 24 13
47 27 22 94 26 80 89
99 85 92 45 39 49 18
92
15 86 39 1 86 76 99
0 48 68 86 49 71 15
31 91 45 91 4 21 14
68 68 70 36 32 37 17
78 40 59 56 90 52 58
16 37 68 50 62 25 21
17 45 86 34 59 91 22
78 69 50 79 61 52 4
23 30 22 12 12 11 5
4 5 5 1 3 0 0
70 69 68 42 35 43 26
75 27 73 0 55 27 36
22 18 18 11 10 12 6
26 54 2 72 84 71 10
28 46 38 4 60 58 94
34 32 30 16 12 19 6
34 46 19 44 33 27 63
2 3 6 1 2 2 1
86 24 50 54 33 18 49
81 71 72 40 37 42 22
74 97 73 49 48 33 25
14 5 22 95 13 9 17
60 60 54 24 23 26 9
66 1 21 41 80 1 56
84 36 39 47 20 0 19
42 39 50 22 26 30 17
68 89 78 36 89 68 30
82 41 48 61 55 34 46
88 83 71 52 42 41 29
38 54 66 6 30 74 98
3 36 44 61 54 40 85
77 67 81 38 34 41 17
61 69 61 29 33 29 15
72 97 98 11 9 87 96
60 97 56 35 23 66 67
69 74 70 38 40 32 23
65 2 10 33 17 18 0
59 58 52 29 24 31 14
72 76 60 42 25 34 14
99 76 87 39 38 79 47
8 29 17 71 70 91 25
67 86 83 38 76 11 71
79 21 14 84 20 94 89
93 84 81 47 43 40 16
81 80 85 40 46 44 25
73 71 72 42 40 37 24
86 74 88 35 42 51 21
70 86 80 40 41 32 17
18 33 39 9 66 71 73
54 62 65 31 73 61 74
72 78 21 39 57 65 100
38 0 5 33 9 12 9
8 88 57 65 6 50 69
66 64 60 32 26 32 13
10 98 43 98 41 33 44
93 26 88 88 98 35 84
57 70 59 38 37 25 17
45 79 72 79 91 12 74
79 77 74 42 41 39 21
64 88 21 48 41 99 67
97 65 13 39 3 48 66
81 86 78 39 44 41 20
36 89 95 52 85 15 20
40 69 51 69 55 7 30
24 28 29 10 12 13 7
46 18 96 49 51 27 11
14 21 20 5 10 10 3
8 91 32 95 90 49 30
71 45 7 66 70 30 25
78 10 82 59 92 57 95
48 46 53 24 22 26 10
8 8 7 42 74 77 97
72 13 14 71 99 86 98
48 58 53 26 29 23 11
19 15 11 10 7 9 6
42 33 21 19 88 2 35
10 13 10 6 5 5 2
97 97 98 48 45 53 24
33 27 42 47 11 100 12
62 62 57 74 55 85 59
92 30 41 96 25 56 53
23 25 24 12 14 12 6
26 28 35 10 19 13 6
20 28 49 11 95 45 23
40 65 69 87 47 97 18
43 40 39 22 17 21 11
51 58 59 30 29 27 14
5 2 5 1 0 2 0
100 49 21 6 80 92 4
18 16 21 6 8 10 4
41 37 40 19 20 20 12
85 83 68 37 32 36 16
67
38 38 43 17 22 23 10
11 12 11 7 8 5 5
21 21 17 12 11 10 6
66 62 70 30 26 34 9
72 10 82 77 4 2 80
43 45 43 19 21 18 9
65 78 92 42 42 29 72
83 87 25 21 44 41 7
22 21 28 9 14 13 6
41 55 49 22 23 23 10
11 52 86 87 17 7 9
13 10 11 6 5 4 3
31 30 31 16 18 18 9
32 26 56 70 90 6 60
78 73 84 39 34 42 16
25 21 22 9 12 10 5
42 52 52 24 27 18 12
66 10 79 56 20 49 68
81 2 95 31 95 0 49
43 38 41 17 20 20 8
89 29 34 47 34 97 51
43 81 91 92 43 63 87
63 64 65 84 90 95 45
4 6 15 40 90 97 23
81 92 7 18 92 59 26
47 9 100 54 83 37 31
94 23 78 47 1 22 18
43 18 78 96 84 73 87
61 65 63 30 94 70 12
2 74 76 72 7 70 38
36 38 26 24 18 20 14
79 67 69 35 32 39 18
1 2 4 0 1 0 0
38 39 30 22 16 15 9
98 89 97 56 52 60 35
11 16 11 7 6 6 4
58 52 49 25 27 25 12
61 48 7 2 7 98 29
8 3 5 2 2 3 1
63 1 80 97 31 46 17
6 8 8 3 7 4 3
54 62 51 30 26 27 15
50 47 49 28 27 29 17
56 18 2 60 95 16 36
89 84 94 47 43 52 26
99 88 75 51 40 46 23
2 5 99 53 30 14 89
43 98 59 66 47 97 73
11 9 7 7 3 7 3
41 48 2 29 26 41 78
32 23 23 14 9 12 6
53 65 5 27 67 89 47
23 25 19 12 12 10 6
38 42 32 24 17 11 7
54 63 70 25 36 28 14
3 3 3 2 2 2 1
85 5 25 11 62 20 2
3 11 1 92 14 59 14
100 67 59 99 12 5 71
82 97 2 70 93 85 23
58 63 64 29 30 27 12
26 84 84 44 24 21 45
28 75 93 70 98 22 15
9 36 67 51 27 82 16
31 26 29 13 13 16 6
10 34 41 78 69 42 8
29 33 28 21 16 14 9
74
62 9 87 24 26 59 97
26 71 58 34 50 58 38
55 60 58 26 31 29 14
62 25 9 41 41 84 18
39 6 4 36 47 80 88
52 63 44 30 27 22 10
0 0 0 0 0 0 0
2 3 1 1 1 0 0
90 85 0 95 1 89 23
34 35 31 20 18 18 11
74 75 71 36 33 35 16
8 8 12 4 7 5 4
3 6 5 2 4 0 0
51 49 55 26 26 28 13
15 12 14 5 9 8 4
77 68 79 37 39 39 19
57 15 99 4 11 39 97
39 39 42 22 22 22 15
2 29 45 57 48 66 62
10 19 37 25 23 29 12
3 3 2 3 1 1 1
29 23 34 11 10 18 5
76 79 93 37 49 48 28
26 63 97 89 51 0 42
36 34 29 18 14 13 8
0 0 0 0 0 0 0
93 81 97 41 45 50 23
21 17 21 8 7 13 4
89 83 83 42 38 45 19
62 58 43 32 19 25 15
61 67 69 30 34 36 16
73 69 70 38 38 37 20
32 99 91 73 49 20 60
57 56 57 23 27 29 11
71 67 57 40 32 34 19
63 64 50 36 32 31 17
86 78 92 45 48 51 26
34 32 33 18 17 15 8
4 1 5 1 0 2 0
78 82 47 44 71 67 6
94 95 95 52 45 51 27
15 85 75 82 70 59 95
97 39 88 29 90 51 44
26 61 50 62 88 29 41
59 63 52 35 28 28 17
53 51 51 24 26 25 9
15 22 22 8 10 8 4
51 33 38 55 75 3 45
22 19 24 13 9 12 5
87 89 81 46 44 42 24
45 50 57 24 30 26 14
54 45 48 26 19 23 9
63 74 2 8 16 3 62
27 63 75 19 86 54 44
85 70 6 100 38 1 64
27 32 28 17 13 13 9
39 43 43 22 24 19 11
83 79 75 41 37 33 18
31 56 96 97 57 58 7
60 89 29 86 8 7 4
19 94 13 12 18 50 32
76 95 89 71 93 4 40
46 45 44 19 19 25 9
58 66 63 34 33 27 17
57 50 59 24 27 25 11
50 53 49 34 31 30 22
51 61 53 28 29 23 13
2 8 60 12 59 32 79
68 11 16 99 51 27 67
35 26 32 17 13 20 7
15 8 10 5 4 4 2
48 52 25 19 54 23 75
76 71 77 34 38 43 18
79 78 79 41 39 36 19
1
33 38 37 15 17 21 9
29
69 60 59 32 29 32 15
51 54 45 29 27 27 16
30 26 27 11 13 13 6
44 45 98 52 85 96 67
41 8 1 83 85 76 63
95 65 86 11 14 68 34
62 91 34 90 40 81 88
77 82 66 23 19 9 86
88 20 36 37 92 45 61
31 35 48 16 23 18 10
81 28 48 58 5 57 59
12 15 12 5 7 4 2
96 95 82 42 45 46 19
56 13 43 80 51 29 54
87 39 51 41 82 94 99
20 91 73 28 60 74 44
76 89 80 36 37 40 15
91 98 91 53 50 48 26
85 69 32 61 23 36 70
18 43 94 42 22 81 67
0 12 44 92 96 67 16
23 31 28 14 17 8 5
27 36 31 18 18 13 9
68 70 72 100 68 41 38
82 59 38 75 73 59 25
4 5 4 3 2 3 2
52 16 32 91 88 69 92
14 92 20 28 12 22 39
32 33 36 16 21 19 11
3
15 91 98 87 5 94 0
7 29 8 37 95 80 11
17 16 14 8 7 7 3
82
29 21 11 100 95 100 1
93 97 83 51 46 49 30
15 16 17 9 11 9 7
59 24 4 14 89 85 77
57 54 56 32 31 29 15
64 52 64 30 26 30 14
29 38 35 14 19 14 6
51 44 59 23 28 25 14
87 3 57 58 25 14 88
50 100 82 40 41 85 30
95 99 41 67 64 76 73
75 81 73 40 39 37 18
52 52 23 1 17 27 98
40 85 45 59 85 65 99
47 24 78 83 23 78 30
21 40 24 5 91 30 89
5 7 7 3 6 3 2
17 39 91 65 37 74 23
28 24 19 17 11 12 8
74 92 87 41 47 41 21
98 98 99 40 42 47 18
37 36 25 24 16 16 12
33 37 30 18 15 12 9
80 84 89 40 38 36 16
58 67 67 24 29 32 12
76 86 98 40 48 42 19
65 61 84 28 37 33 17
8 65 34 73 7 96 7
20 32 97 71 31 26 33
38 72 75 32 22 34 91
77 10 98 74 59 76 98
85 89 98 44 49 50 28
21 17 18 13 7 10 5
34 31 24 19 13 56 28
40 44 40 17 22 17 7
18 93 17 95 38 1 61
57 13 11 34 12 43 64
77 68 75 42 34 45 21
4 12 7 15 60 73 22
33 28 28 17 12 16 9
42 75 62 77 4 87 40
97 89 84 45 38 43 23
19 8 51 83 38 45 17
42 44 45 26 20 18 11
35 73 8 11 18 89 14
31 10 25 51 51 12 70
96 90 79 76 9 65 54
22 27 20 14 12 11 6
76 77 78 43 41 41 20
34 40 33 18 16 11 5
64 34 36 82 19 72 82
36 36 31 16 15 20 8
31 37 33 18 20 14 9
43 41 29 22 16 15 7
5 2 3 2 0 2 0
34 25 28 16 13 17 10
24 84 86 53 29 47 79
32 54 16 85 43 90 3
54 69 73 14 23 59 51
72 74 41 86 28 87 29
86 73 74 34 33 46 16
61 56 64 25 25 35 10
93 100 62 52 49 14 81
41 11 48 45 100 72 8
100 47 34 61 89 76 84
8 32 94 40 11 9 39
44 57 94 49 67 5 56
20 22 21 13 11 10 7
11 75 4 52 63 12 46
33 27 34 13 14 17 8
68 62 57 25 30 30 10
73 65 94 73 55 95 1
34 43 40 23 23 18 11
64 87 33 45 52 36 39
36 25 5 16 94 76 26
66 68 74 34 36 40 20
94 65 76 46 31 50 22
93 44 74 71 68 71 81
3 66 59 68 62 23 92
100 14 93 4 70 83 12
93 95 98 47 44 45 21
67 70 66 31 36 31 15
98
58 92 19 52 31 29 7
13 44 94 56 50 74 80
66 67 58 27 29 33 17
49 62 56 23 28 28 14
34 41 36 17 24 12 7
29 33 28 13 16 16 8
37 45 45 24 25 21 13
85 86 91 41 52 48 25
97 96 3 27 59 11 20
17 16 14 10 9 7 6
47 59 54 29 30 23 13
67 10 100 96 40 77 3
11 8 8 5 5 5 3
75 77 73 43 40 46 27
27 34 29 11 16 11 3
100 58 71 77 53 17 46
19 62 87 78 78 31 84
97 79 80 45 31 43 21
49 48 48 22 19 26 8
73 37 83 89 9 86 48
82 82 84 35 31 36 12
15 72 17 19 53 75 62
18 13 16 10 6 10 5
17 16 15 8 7 7 2
89 80 99 49 42 49 26
38 44 100 95 90 40 22
39 68 88 80 44 56 20
59 98 85 29 74 9 35
40 94 100 73 44 18 39
17 3 54 14 100 42 51
8 4 58 25 9 4 65
80 88 87 38 50 45 24
49 1 96 57 33 55 86
54 61 63 31 39 28 19
42 45 50 24 27 23 13
21 18 17 11 9 10 5
88 84 92 43 42 42 20
46 29 89 8 96 13 77
19 11 22 6 7 11 4
31 19 36 10 11 16 3
87 65 24 54 61 89 84
26 10 11 93 19 86 99
66 59 55 32 24 30 14
16 26 19 11 9 7 5
77 37 29 29 43 99 43
13 14 17 5 7 5 2
58 65 71 68 63 70 99
11 88 62 24 0 54 22
1 0 1 0 0 1 0
30 68 39 40 28 84 25
1 39 88 83 0 19 89
34 42 47 18 27 22 14
53 23 67 8 52 100 36
62 62 52 36 31 25 19
38 77 92 5 31 77 70
20 23 21 10 12 11 4
100 42 24 54 94 24 14
50 52 36 65 70 39 70
39 51 66 52 66 71 0
95 92 91 50 49 46 27
55 46 51 27 23 31 17
90 85 98 40 49 47 21
37 38 38 17 17 19 6
94 39 47 7 80 47 53
55 38 75 46 23 27 46
46 52 50 76 17 82 54
79 65 74 40 32 47 22
51 46 39 50 37 22 55
32 44 61 28 95 10 74
97 98 92 54 46 49 24
4 33 38 61 31 47 89
25 31 32 17 19 16 10
84 61 12 13 81 41 22
1 0 1 0 0 1 0
18 83 6 68 62 77 57
85 92 75 42 40 40 21
95 29 96 81 20 54 49
45 3 9 35 18 63 91
90 45 47 35 71 80 27
7 43 27 16 52 46 98
66 66 76 36 36 39 20
65 66 64 34 40 33 19
13 16 10 9 7 7 5
65 66 58 30 31 29 16
17 97 88 47 14 6 74
10 17 8 5 5 2 0
79 92 28 80 93 76 5
3 58 4 81 48 47 5
11 10 9 5 2 5 0
54 48 56 58 35 33 43
27 25 31 16 16 15 9
94 73 0 11 37 68 9
28 22 26 12 11 11 5
39 50 45 18 27 19 7
22 39 31 12 15 7 4
7 6 6 1 3 2 0
72 66 66 100 14 29 60
53 57 48 28 27 22 15
55
62 62 66 33 32 35 21
36 12 14 71 22 100 29
18 21 20 6 9 12 4
16 84 40 94 54 20 100
65 33 84 8 41 95 58
18 14 19 5 6 9 3
49 4 14 90 4 44 19
13 20 20 8 11 6 4
89 60 50 88 77 6 98
83 94 91 46 47 43 26
12 59 7 68 5 89 77
20 73 61 61 47 84 35
7 8 4 6 4 4 4
52 82 70 5 3 66 80
0 94 66 75 98 84 41
96 96 43 50 76 24 57
80 2 20 50 59 2 79
43 42 37 21 18 19 10
7 98 53 74 45 60 52
66 54 37 24 49 88 80
69 72 66 33 32 35 16
28 24 24 14 13 7 5
10 12 11 8 4 5 3
80 34 41 100 45 3 48
9 53 28 28 4 84 2
71 79 67 45 40 31 20
1 2 1 1 1 1 1
77 76 73 33 34 32 16
22 21 27 10 15 10 5
72 72 83 23 16 52 59
15 14 14 7 8 7 4
64 5 28 58 91 64 82
36 88 58 67 56 13 65
71 99 74 13 64 25 54
23 96 0 67 86 29 9
57 2 48 75 61 21 5
63 33 27 8 46 86 6
61 6 89 51 45 80 31
23 70 73 47 53 5 72
37 53 89 70 24 13 48
43 51 80 84 55 59 33
78 84 93 34 42 41 17
65 41 71 76 16 33 24
70 66 69 32 32 33 13
36 32 30 18 16 17 9
100 37 16 24 85 93 36
38 86 84 39 25 47 91
80 77 81 42 38 44 23
47 42 50 26 21 20 10
19 7 55 77 71 41 86
55 9 43 44 84 30 74
28 25 28 7 12 12 2
88 24 62 71 61 52 64
90 34 98 7 85 28 66
19 19 24 11 11 13 7
82
100 88 64 24 7 69 28
82 79 79 39 40 49 24
63 38 40 99 38 36 72
89 46 75 99 75 90 89
5 43 97 63 23 24 42
97 24 42 92 13 59 57
85 5 73 90 47 93 37
60 61 44 37 30 23 17
12 13 11 6 4 5 2
46 48 41 26 22 23 14
5 43 17 49 27 91 62
3 93 10 74 45 1 10
53 90 86 16 51 87 16
55 60 15 17 16 33 26
54 49 51 26 26 27 14
38 88 40 64 83 47 31
29 25 25 17 17 19 13
33 97 88 35 17 79 17
75 82 73 38 33 32 10
69 45 82 89 88 85 45
50 50 52 26 25 32 15
28 26 20 14 11 11 4
88 74 34 65 11 29 2
41 80 92 66 17 34 19
94 74 84 42 46 15 80
78 85 88 45 49 45 27
24 23 24 12 16 10 7
71 80 65 40 31 34 16
0 1 0 0 0 0 0
67 59 63 26 28 27 9
4 8 7 4 6 3 3
26 21 23 13 12 15 9
36 36 49 15 26 22 11
88 73 82 43 37 43 19
10 13 21 4 6 6 1
42 69 75 58 5 22 80
5 81 10 33 58 76 58
45 42 45 25 24 26 14
34 49 18 53 26 34 89
31 28 27 18 15 13 8
25 69 35 30 55 95 12
56 9 36 49 23 36 23
86 74 88 40 38 44 22
22 18 18 11 8 11 4
42 36 41 20 22 20 13
20 39 30 14 23 12 10
15 22 33 36 38 47 69
44 100 26 51 32 44 35
60 57 55 35 29 33 19
77 84 38 65 61 11 34
5 49 56 81 83 7 28
29 41 35 15 24 12 7
89 19 92 44 10 59 37
52 40 39 27 20 26 14
60 44 98 83 21 2 40
20 3 76 61 33 24 69
73 49 48 50 53 93 60
93 96 88 51 45 45 24
81 71 83 85 52 63 29
91 49 5 6 71 72 5
36 39 47 17 18 17 8
82 81 77 41 30 35 12
14 57 89 61 71 40 16
57 53 52 24 29 21 10
80 78 79 39 45 42 25
12 96 4 33 9 69 74
74 47 41 40 59 17 41
85 86 42 39 95 39 1
21 17 46 87 41 88 53
50 81 36 30 69 73 75
69 76 25 49 97 64 94
66 6 42 11 53 54 100
10 93 66 70 82 80 30
27 4 39 52 85 42 30
6 9 8 3 1 2 0
50 42 47 26 28 28 18
11 10 13 4 5 8 2
20 13 20 8 6 14 4
23 97 1 59 73 98 14
56 84 31 88 38 65 75
88 63 60 1 13 89 78
22 23 25 10 14 9 7
78
4 26 64 14 60 17 84
11 54 44 80 40 86 4
83 82 69 44 84 24 54
45 49 48 26 27 26 15
39 91 57 67 34 3 38
60 67 57 32 28 26 13
40 28 38 15 17 22 10
45 39 43 20 17 23 9
44 7 79 49 33 64 0
9 5 13 3 4 8 3
7 8 7 3 2 3 1
34 26 58 7 98 80 48
81 99 58 82 33 87 45
0 18 88 65 34 59 87
29 10 65 87 69 51 5
42 41 45 19 21 18 8
35 37 36 18 21 14 9
9 81 36 89 22 2 14
30 72 51 21 40 43 48
64 47 59 31 23 35 18
79 79 72 40 40 36 18
62 63 71 31 35 43 23
38 37 35 19 15 18 7
74 94 65 33 30 96 78
30 22 79 86 59 67 72
12 8 46 71 0 12 8
29 33 35 15 21 15 9
86 56 78 93 90 19 66
73 64 72 39 30 39 19
36 61 62 44 57 24 49
23 68 77 12 76 34 77
78 85 84 41 36 41 17
74 75 81 42 38 44 25
64 75 66 41 38 28 16
74 87 84 39 49 42 22
85 100 46 15 89 47 66
12 32 15 66 35 89 53
56 53 49 26 24 27 14
53 42 50 25 23 31 16
56 62 73 25 42 31 19
77 63 63 42 27 37 20
48 88 37 14 7 33 44
25 27 27 12 11 14 6
68 27 90 85 6 28 77
64 76 3 83 42 23 41
66 25 55 10 89 81 67
31 35 29 18 18 15 9
59 49 48 32 22 22 10
13 11 30 76 62 86 45
83 97 85 45 44 42 23
70 39 9 99 71 64 59
17 15 14 40 46 27 93
23 13 79 97 40 96 4
69 66 77 31 32 34 15
19 13 14 7 5 8 4
44 55 54 25 29 26 15
67 66 70 31 33 35 15
90 42 35 45 42 51 71
27 27 24 14 14 12 6
68 100 75 86 63 14 32
68 90 63 98 29 84 98
31 65 23 29 40 98 87
79 66 42 79 17 95 73
92 93 76 44 43 41 19
28 31 42 55 21 86 23
26 26 29 15 16 20 11
88 82 81 51 39 43 20
21 24 19 11 11 11 7
59 54 43 33 26 24 16
22 21 19 13 8 12 6
90 83 88 39 37 48 19
54 94 40 79 6 36 16
26 17 18 8 6 9 2
10 1 33 73 14 98 23
99 78 99 3 73 49 11
22 40 72 24 6 65 4
77 59 77 27 25 36 13
17 17 21 9 8 9 3
27
24 33 31 11 18 9 4
75 26 40 60 96 10 99
5 4 7 1 2 4 1
88 67 83 30 62 12 24
78 4 38 30 12 7 5
43 46 47 27 29 28 20
74 66 65 35 37 32 17
72 85 33 63 26 15 18
61 69 63 33 34 30 16
1 0 1 0 0 1 0
93 100 29 48 39 44 92
69 63 67 35 38 39 20
65 69 82 28 39 37 16
90 98 97 44 49 49 24
28 24 29 14 14 16 8
99 90 84 53 45 44 26
39 41 36 19 17 22 11
28 82 20 14 93 38 49
95 88 91 47 42 47 22
20 15 13 9 6 10 5
4 57 21 47 69 67 8
40 73 14 91 70 17 100
7 16 24 86 38 11 99
55 46 11 25 13 94 9
59 54 56 29 26 32 19
42 44 25 26 12 10 4
54 55 44 29 21 22 14
72
74 67 54 36 33 28 16
91 72 98 8 73 94 99
38 34 33 21 13 18 8
93 92 90 69 19 2 95
89 96 88 50 46 42 23
3 4 4 2 2 2 1
61 55 48 26 22 25 11
93 83 77 46 33 41 20
50 13 65 14 28 82 71
87 73 79 39 33 42 19
89 94 68 5 5 41 67
77 91 84 46 50 45 27
55 84 24 64 45 90 93
95 83 56 93 43 52 10
26 35 95 69 13 37 53
69 21 100 0 99 57 80
66 65 71 31 40 37 18
74 47 77 85 34 50 65
70 72 80 39 40 34 18
14 100 48 14 49 42 65
31 13 47 11 24 40 74
88 44 94 81 43 6 44
25 49 73 18 94 62 73
63 64 50 33 26 26 14
70 60 63 37 31 38 19
36 5 99 66 73 76 34
61 57 58 27 31 30 15
70 22 82 97 34 95 59
43 56 83 14 28 73 75
3 3 1 3 1 1 1
69 67 68 32 30 35 17
88 90 83 49 51 46 29
74 70 74 38 35 40 19
100 88 78 25 54 98 3
33 28 33 16 16 16 9
20 13 29 90 96 69 27
54 67 66 34 45 34 23
56 48 48 1 2 68 83
95 85 18 52 34 98 50
94 5 69 5 95 57 52
28 29 35 60 89 67 77
53 39 40 25 16 21 10
53 93 54 56 61 86 56
21 17 23 8 8 10 4
13 23 16 7 10 8 5
53 50 51 23 26 20 9
60 60 52 35 28 25 16
68 12 31 93 91 59 88
53 97 38 86 46 32 99
54 72 55 31 25 20 7
47 43 45 21 16 22 7
29 44 76 1 64 77 99
16 12 16 4 4 8 1
37 34 31 20 11 14 6
93 41 81 88 66 94 37
54 3 22 72 47 24 87
30 36 31 14 16 12 5
7 28 89 66 40 63 32
66 70 73 32 31 31 9
30 48 98 76 11 71 40
38 35 31 18 18 17 10
13 23 52 88 50 24 52
57 82 8 61 35 41 78
22 29 31 3 50 91 28
23 21 21 12 11 12 7
73 59 33 95 21 12 24
67 67 73 31 41 35 18
33 29 35 11 13 15 4
37 41 53 19 24 18 8
0 68 37 27 15 20 45
3 94 7 73 34 94 10
58 47 64 24 27 32 14
94
82 46 35 8 53 59 54
90 6 87 37 38 31 94
31 11 76 52 29 11 58
66 66 68 32 39 39 20
20 43 51 35 8 96 26
51 55 42 22 27 19 9
27 37 80 22 8 3 86
18 13 13 5 5 8 3
42 21 20 27 70 17 88
82 75 71 38 30 34 14
88 83 82 43 35 46 19
69 70 70 39 36 34 20
47 48 83 34 95 65 92
62 72 77 29 33 39 13
47 51 48 24 27 22 9
35 1 73 13 84 39 46
74 58 77 32 36 40 21
94 93 89 52 43 43 24
77 63 67 33 27 42 15
32 56 10 49 4 17 75
5 9 5 3 3 1 1
41 37 48 13 21 23 6
70 91 77 38 39 35 19
74 35 60 16 69 96 87
26 68 88 36 1 42 60
73 72 67 39 32 38 18
77 26 19 36 59 77 16
48 46 54 22 27 25 15
95 30 52 55 75 97 23
2 25 17 36 13 100 27
83 48 35 91 11 59 46
68 5 14 37 37 47 81
96 3 82 30 18 47 96
30 34 42 12 20 17 6
48 54 53 29 31 30 19
43 23 63 29 85 52 86
84 77 88 34 39 37 12
40 87 66 12 38 43 89
43 6 59 5 67 95 100
33 29 24 16 15 15 10
80 87 84 44 47 39 24
15 40 60 34 3 83 91
13 13 12 6 6 6 1
12 40 100 7 81 88 87
41 37 39 21 21 21 12
97 77 15 41 72 25 87
55 77 83 56 57 22 70
42 15 95 3 9 19 62
26 23 30 8 14 13 5
33 22 45 57 23 46 74
86 23 3 53 68 33 65
77 0 86 79 18 78 56
10 10 13 6 5 7 3
10 44 42 19 99 47 96
38 37 25 100 21 69 7
64 99 69 31 5 31 52
24 13 26 22 4 12 48
37 48 77 90 66 15 51
45 9 90 55 60 41 35
15 85 99 11 38 94 44
62 97 28 77 51 52 76
17 98 96 42 81 44 31
80 78 77 42 44 38 20
97 67 98 100 47 81 96
39 24 61 16 33 12 63
71 75 83 28 44 37 14
27 31 33 10 14 15 4
79 83 27 85 16 79 68
46 36 43 17 22 26 12
96 86 85 42 41 46 20
9 5 6 4 2 6 2
36 34 33 22 20 18 12
47 48 59 55 39 97 29
20 95 41 40 30 29 40
80 82 88 35 40 38 13
59 11 56 34 3 72 77
30 79 9 86 6 31 82
37 34 27 12 80 29 97
69 9 94 21 27 7 95
52 92 6 88 93 75 37
52 62 50 28 30 22 12
44 42 41 24 20 19 10
62 34 22 95 53 94 33
29 27 24 14 12 11 6
94 39 13 7 4 3 61
89 75 23 90 73 14 21
86 76 85 43 44 45 27
72 6 84 15 29 77 97
29 29 25 16 13 15 8
7 5 6 5 3 4 3
33 29 65 60 73 56 19
33 38 65 36 71 12 64
29 24 95 27 79 13 43
19 20 19 8 11 10 5
14
57 31 55 1 22 61 91
88 93 78 25 58 28 99
27 32 30 14 13 18 7
3 5 2 2 1 1 1
93 12 22 1 27 89 88
99 96 38 63 21 98 11
65 61 58 31 27 20 8
50 51 45 24 22 23 12
17 73 38 93 72 6 3
26 61 91 86 88 39 63
7 5 8 3 5 6 3
50 42 12 89 45 51 35
44 99 87 46 9 64 84
52 52 50 26 27 23 15
13
31 14 74 4 71 20 83
93 79 47 18 48 18 46
59 65 64 33 37 28 16
79 68 40 45 64 62 59
13 26 12 15 83 30 96
83 81 94 40 47 42 20
42 32 36 21 15 19 9
88 85 83 46 42 44 23
74 86 91 44 58 47 31
87 99 53 51 64 6 97
7 34 24 34 89 17 51
30 42 37 19 24 17 11
36 43 37 20 19 17 11
52
77 78 76 42 37 47 24
1 7 5 1 5 1 1
34 33 32 14 18 16 7
24 45 95 84 71 80 52
16 86 62 21 22 68 67
33 30 32 19 19 21 11
14 18 22 8 14 9 6
29 38 87 89 30 10 91
79 82 20 32 54 27 2
20 58 22 67 29 75 4
26 15 21 11 8 12 5
87 88 79 43 40 39 21
84 99 86 51 49 41 24
19 15 28 56 44 26 36
76 92 99 36 52 39 20
18 80 79 99 28 76 31
59 79 59 30 34 26 12
84 67 19 78 37 28 88
26 29 32 13 20 15 7
65 22 41 93 39 24 99
59 42 69 26 66 19 57
15 100 66 21 68 67 48
76 75 66 38 33 33 16
68 63 55 27 23 30 9
37 36 27 18 12 15 8
47 49 57 24 26 23 12
24 28 30 15 14 12 7
73 79 75 41 41 33 17
23 93 3 45 4 41 77
97 87 87 45 36 45 19
73 54 69 26 28 73 99
88 94 95 51 52 47 29
71 65 63 40 30 32 14
48 2 18 3 85 84 22
62 81 80 79 81 60 5
13 19 13 10 10 6 4
90 85 89 49 51 48 31
27 31 25 16 17 16 9
71 65 73 31 33 44 20
60 9 76 31 53 9 44
64 62 43 34 45 55 85
16 96 69 41 35 63 64
1 84 44 23 77 98 34
23 98 86 23 26 73 17
36 30 30 18 12 19 8
90 26 17 44 2 67 36
43 36 41 17 20 20 9
73 76 44 31 20 80 55
36 39 33 18 20 16 8
3 87 93 76 63 75 36
57 56 53 26 23 28 11
56 58 60 30 30 27 14
45
14 6 12 4 6 7 4
59 91 58 60 67 63 97
97 95 100 51 54 47 26
55 36 39 81 15 91 46
15 19 27 8 53 50 33
25 65 80 80 13 10 95
64 71 67 35 35 32 15
85 78 28 84 46 74 27
56 55 81 63 48 98 80
8 9 6 5 5 4 3
14 55 78 36 51 90 25
44 8 85 89 13 63 39
31 94 43 51 85 100 88
1 2 1 1 1 1 1
18 7 47 33 53 26 30
79 85 4 63 8 23 69
61 59 75 17 42 65 73
98 38 8 11 16 89 94
21 17 18 12 9 9 7
12 93 10 0 75 19 62
19 20 19 9 14 11 7
94 62 99 28 92 98 16
84 90 88 37 43 37 16
37 38 42 18 28 24 13
69 66 70 26 33 38 14
71 63 49 91 10 30 76
18 100 0 52 5 23 4
16 25 79 67 49 5 11
18 16 14 12 8 9 6
60 15 37 36 3 83 32
6 39 88 41 22 69 79
4 65 82 42 22 99 65
48 46 53 22 22 21 11
20 24 23 13 12 8 4
59 44 98 65 20 26 92
63 60 83 83 51 77 0
50 65 52 29 28 27 15
44 31 50 16 19 25 8
35 31 36 13 12 17 7
28 30 28 16 11 9 3
76 70 85 33 44 36 15
97 86 100 11 32 48 27
72 73 71 36 29 35 15
43 46 47 19 22 21 9
43 51 55 24 29 22 14
90
68 57 66 34 31 38 18
99 50 29 29 44 26 4
44 85 81 88 91 88 38
4 66 23 92 91 51 35
0 1 1 0 0 0 0
59 97 28 68 93 53 46
80 94 38 67 28 28 3
45 46 52 21 26 24 12
25 22 26 15 13 14 9
19 22 23 6 9 8 1
13 56 62 18 64 59 50
46 43 42 26 21 21 11
17 13 88 55 5 91 41
3 2 2 1 0 1 0
58 49 60 3 45 57 85
58 59 61 34 30 32 19
15 89 52 51 66 92 56
79 78 82 38 38 41 19
12 16 17 9 10 8 6
22 20 21 10 9 11 6
9 19 15 5 8 8 5
52 57 52 30 29 24 14
100 94 100 47 50 51 25
69 3 62 72 71 5 14
52 67 57 31 33 22 15
75 79 83 35 44 42 20
19 22 21 11 8 12 6
77 90 91 44 44 45 24
19 15 17 8 5 11 5
80 46 76 53 5 41 76
84 1 61 95 67 36 25
82 89 84 46 45 38 23
22 25 18 14 12 11 8
94 88 76 51 38 37 17
81 89 24 49 29 10 3
63 56 63 31 30 40 20
32 26 26 14 14 14 9
49 35 12 43 73 41 93
42 72 93 89 34 75 82
22 22 26 10 11 11 4
14 13 15 7 6 8 3
89 95 87 47 46 45 25
95 28 22 4 20 85 83
63 59 61 35 28 33 15
4 8 77 66 33 74 26
50 67 71 55 52 88 76
6 47 97 31 99 41 89
79 30 5 67 55 62 44
64 87 2 8 95 0 99
57 80 63 53 53 54 89
12 13 12 7 7 7 4
69 76 76 36 37 37 18
6 82 16 68 20 36 11
80 69 72 40 34 40 21
33 33 35 19 17 17 9
50 53 45 26 22 24 10
70 56 94 39 35 91 74
36 34 36 15 16 19 8
62 57 14 17 77 17 31
37 14 53 66 97 91 48
58 62 62 32 36 33 19
89 72 82 42 38 43 19
55 22 89 68 64 52 39
34 43 35 22 20 15 8
89 81 79 42 36 43 18
50 36 40 18 18 23 9
35 31 36 19 16 16 7
5 6 8 2 4 4 2
49 41 42 21 18 17 8
48 52 49 24 21 16 5
26 82 34 35 40 31 82
24 21 22 9 7 10 2
31 89 76 17 25 79 21
89 75 83 31 37 42 17
67 82 76 36 37 35 17
36 49 37 23 26 17 14
52 97 57 93 44 76 97
41 41 46 21 24 24 13
56 56 86 24 85 9 94
21 30 91 16 97 80 10
62 66 68 37 31 28 17
5 4 3 2 1 2 0
43 17 63 38 54 56 23
50 55 61 25 35 27 16
22 58 31 8 56 60 78
84 77 8 64 80 34 20
46 44 41 29 24 28 18
24 26 33 12 18 16 9
79 2 83 31 63 38 56
94 84 92 47 45 50 25
4
29 21 18 13 8 13 6
75 14 70 25 9 86 92
58 21 95 57 7 46 93
67 77 60 32 37 25 15
67
81 97 84 51 42 42 26
74 71 80 33 37 38 19
33 37 34 17 20 14 9
5 77 48 16 71 100 93
4 100 24 46 34 80 62
8 65 2 47 48 21 14
38 20 73 8 11 5 76
12 37 79 71 32 20 53
28 10 47 100 65 36 40
44 44 41 22 20 19 10
37 30 32 20 18 21 11
57 35 92 3 61 95 53
24 14 16 8 5 11 3
51 40 14 39 51 89 12
74 80 83 40 43 39 20
47 36 1 88 4 30 21
54 39 5 51 39 79 91
23 23 22 12 12 10 5
93 47 32 19 46 97 30
88 81 31 56 92 6 71
23 74 56 76 69 23 47
78 19 79 39 9 44 32
91 89 74 38 96 99 99
53 46 55 26 23 24 13
92 98 91 50 51 45 25
55 60 58 32 35 27 18
48 59 59 28 30 22 13
16 18 20 1 8 8 0
8 43 63 62 24 68 49
67 21 29 93 35 100 32
73 66 63 37 29 35 15
51 50 46 30 19 21 10
96 33 79 23 68 8 3
37 38 40 20 19 21 11
55 64 61 32 32 28 16
9 94 61 18 79 74 83
82 2 89 89 73 7 37
27 21 25 15 11 14 9
60 1 88 27 73 37 33
45 42 15 12 40 8 39
28 40 49 17 59 28 47
58 22 87 68 11 94 11
72 85 84 39 47 46 28
35 31 27 4 40 73 90
90 86 80 47 47 46 26
2 15 59 63 87 68 33
33 40 96 44 5 16 34
65 81 71 86 12 47 60
27 45 2 92 90 55 23
68 4 81 88 51 92 43
19 13 12 8 7 5 3
92 91 57 32 86 92 90
35 35 28 20 15 19 8
95 40 7 90 30 61 63
65 69 61 35 36 33 18
72 6 93 79 72 57 75
21 17 18 10 8 11 5
14 16 15 5 9 7 3
7 6 8 2 4 3 1
58 44 58 20 22 36 14
26 44 18 30 7 54 31
19 11 4 34 81 51 56
78 46 88 44 91 70 8
4 38 66 73 34 33 29
42 32 32 20 20 23 12
17 16 18 7 8 9 4
15 12 15 9 7 8 5
100
56 98 62 75 29 9 37
55 49 52 23 22 21 8
67 68 67 35 36 38 19
36 36 43 15 23 17 7
14 7 11 4 4 6 2
60 64 75 26 34 26 14
91 87 86 42 42 49 22
4 2 3 1 0 2 0
59 72 23 78 69 22 96
84 93 98 82 19 73 88
96 37 46 76 10 18 54
6 9 9 4 6 4 3
96 90 98 43 46 44 21
77 14 19 100 91 85 76
95 93 51 91 100 1 63
100 99 87 53 42 48 23
27 46 96 22 34 77 21
27 88 14 99 57 15 45
31 37 31 17 17 11 5
10 10 14 5 8 6 4
28 89 88 56 43 20 59
53 75 15 56 80 11 61
12 77 79 68 35 99 68
18 21 16 7 8 5 1
73 70 60 34 25 27 11
39 5 64 36 92 18 96
49 83 86 3 81 1 38
0 15 73 95 100 59 73
57 40 96 89 17 57 41
72 73 21 86 49 52 97
78 72 81 90 26 83 66
10 9 12 6 6 8 5
21 25 20 10 7 9 4
50 70 23 65 85 47 6
76 74 65 35 33 33 14
39 43 38 26 22 19 12
27 7 93 45 68 25 65
99 75 72 57 95 1 36
17 12 23 8 8 11 6
74 88 74 42 45 30 17
85 89 54 31 80 42 91
13 18 87 33 87 94 96
5 2 1 2 0 1 0
58 60 64 32 25 32 13
70 46 100 6 46 82 22
43 66 69 54 67 63 54
89 100 92 42 41 36 14
75 61 63 32 27 38 13
15 85 45 66 21 78 27
89 27 5 43 69 2 64
56 61 60 33 31 30 17
75 78 77 36 40 34 17
49 2 2 85 40 7 73
1 2 0 1 0 0 0
14 19 13 12 10 7 5
20 13 91 74 34 58 4
32 36 35 15 17 16 6
11 12 65 12 66 39 81
7 94 34 34 95 88 97
78 72 55 23 43 6 27
96 87 90 50 42 51 26
88 32 37 70 64 99 38
69 83 56 94 50 35 67
81 48 36 99 53 72 48
40 41 39 15 16 16 6
77 77 69 42 39 41 22
25 30 18 16 10 6 4
88 73 50 84 84 26 81
73 92 72 30 33 30 13
76 86 6 2 71 37 81
10 76 16 87 5 27 38
13 85 78 50 63 99 58
32 35 40 14 23 16 8
94 96 99 44 52 48 23
76 90 87 36 42 37 17
12 84 71 33 52 84 13
34 71 24 88 75 18 92
46 40 98 93 92 22 58
97 87 82 48 39 50 23
16 82 99 77 66 77 62
14 15 12 9 8 6 4
70 71 70 44 37 36 22
42 32 38 19 13 23 9
41 45 45 24 24 24 14
59 59 66 27 29 32 16
77 35 46 59 51 9 74
96 42 61 87 39 59 70
63 77 65 38 41 35 22
81 68 64 44 58 12 36
66 38 15 2 62 96 66
31 34 26 11 14 16 6
50 56 66 24 33 31 15
63 92 12 79 61 98 94
59 69 55 34 34 28 17
92 11 18 74 61 72 57
52 42 46 23 17 23 8
22 16 22 9 8 12 4
42 52 3 23 97 52 20
28 5 38 53 10 82 56
26 32 24 15 16 11 7
21
5 6 3 3 2 2 1
15 17 18 10 10 11 7
79 85 72 41 35 39 19
15 76 9 12 65 25 81
36 43 39 15 18 19 7
35 51 40 22 27 17 13
6 9 9 4 6 3 2
49 3 61 33 27 41 55
93 100 96 56 47 47 25
61 87 9 32 51 60 13
46 10 64 43 23 97 68
65 77 69 52 21 87 97
100 58 39 7 79 86 36
51 58 63 28 33 30 17
48 60 48 77 11 21 74
6 6 5 2 2 3 1
99 88 79 52 40 44 20
93 94 99 46 41 47 23
85 8 79 38 50 67 18
21 21 20 10 12 9 5
30 33 37 16 23 17 9
13
87 91 96 41 52 48 26
62 65 78 26 37 33 16
27 39 39 16 21 16 8
49 17 42 28 83 66 93
49 78 100 84 50 73 87
65 83 37 86 47 13 82
32 99 34 52 78 81 75
76 68 61 35 29 27 14
24 77 61 56 80 84 81
67 78 100 43 43 43 62
90 78 77 39 33 44 16
33 38 35 20 25 18 14
24 29 31 11 12 12 5
55
33 68 68 9 56 72 95
6 70 48 26 36 45 8
36 33 40 17 14 18 6
70 60 74 65 80 62 1
97 66 99 74 34 80 4
88 5 36 87 62 53 57
53 45 58 16 70 31 40
30 28 33 13 18 14 7
54 75 1 41 66 43 13
91 85 76 45 37 47 22
73 79 83 35 41 42 22
54 66 63 25 30 29 10
33 26 28 11 13 16 7
71 53 44 89 10 11 3
3 3 4 1 3 2 1
71 23 11 6 40 75 16
29 84 64 9 96 41 71
12 20 13 8 9 3 2
12 46 0 6 36 10 51
24 30 17 15 13 8 6
32 60 2 73 31 32 80
70 69 72 33 33 33 13
8 11 88 39 54 48 54
23 20 16 10 9 7 3
29 30 36 12 14 15 7
22 20 27 8 12 13 5
83 98 26 39 86 44 66
100 38 64 95 12 9 56
65 72 66 32 33 35 16
53 43 49 17 18 22 4
83 72 83 38 38 45 19
29 40 35 15 16 13 7
76 93 81 24 86 30 96
17 68 60 45 75 63 8
78 82 80 67 96 60 7
98 97 84 1 90 81 94
0 67 43 1 16 32 23
47 46 42 28 25 25 17
71 67 11 58 63 21 9
35 30 35 14 16 17 6
39 51 46 22 26 18 10
46 36 39 20 18 22 11
79 83 80 41 40 39 19
27 33 31 13 12 16 5
56 49 45 27 18 24 10
96 37 72 31 97 25 78
45 44 44 22 22 18 7
19 67 53 95 96 18 31
23 30 63 95 26 67 37
43 41 44 20 28 27 15
38 54 65 13 33 10 57
33 61 88 87 28 94 33
83 79 98 36 46 43 22
63 54 8 23 55 5 7
11 7 11 3 3 9 2
91
43 44 41 24 21 19 12
100 41 0 26 52 26 39
32 33 82 12 20 12 80
26 19 26 9 8 16 2
33 43 34 20 16 16 8
32 26 15 74 81 32 37
83 82 73 41 32 38 15
1 1 1 0 0 1 0
53 89 98 5 40 42 47
71 68 58 39 32 28 17
58 44 89 35 73 75 51
77 76 61 37 29 39 18
78 84 82 7 70 5 27
24 98 44 75 30 98 48
41 40 34 19 20 20 11
28 28 37 17 16 17 9
3 75 74 47 29 52 52
89 89 83 43 34 37 17
12 80 95 0 26 89 51
45 9 98 0 82 34 34
9 11 15 3 7 5 2
35 39 42 20 21 20 11
27 28 29 12 14 14 6
18 13 16 6 7 10 3
70 57 65 29 28 35 13
91 96 16 29 82 57 8
54 67 93 2 83 95 99
16 26 20 12 9 33 48
81 80 83 68 70 27 78
41 37 36 23 19 21 11
1 2 1 1 1 1 1
40 44 36 26 21 18 10
45 58 48 93 0 46 57
84 80 81 36 38 41 16
1 2 1 1 1 0 0
52 51 56 26 30 27 15
11 74 7 7 14 38 78
8 28 15 21 61 89 97
25 35 28 22 14 30 26
53 49 52 23 28 27 12
81 85 84 41 40 30 16
99 100 94 43 44 47 21
38 67 8 79 99 19 40
2 0 67 67 3 46 59
100 31 25 48 58 87 69
29 63 40 16 24 23 52
14 12 16 3 5 9 2
97 98 88 58 38 43 23
32 30 28 17 14 17 9
19 18 14 7 5 7 3
0 1 1 0 1 0 0
75 25 47 92 39 96 100
36 55 30 7 100 77 37
14 19 17 8 11 10 6
26 26 19 11 11 8 4
39 78 79 47 52 37 40
47 53 49 24 25 20 10
11 12 15 5 9 5 3
38 42 41 18 21 12 5
16 22 22 8 12 9 3
99 81 61 11 66 96 21
63 74 62 37 31 30 13
25 24 35 11 16 13 6
39 29 39 15 17 20 8
30 40 32 18 45 17 40
65 52 64 73 62 30 100
74 49 22 75 84 44 13
78 87 79 41 44 37 22
73 40 54 48 4 29 96
73 68 69 33 35 38 19
34 51 70 20 7 77 72
22 25 31 12 16 14 8
91 51 33 72 7 2 43
59 48 24 10 13 53 94
75 100 53 86 90 1 57
57 53 58 26 28 30 14
65 63 75 34 37 38 21
8 7 9 4 4 4 3
98 77 75 24 30 35 60
20 27 24 32 20 12 56
8 15 14 5 8 7 4
20 86 63 72 100 88 27
55 55 59 27 38 33 19
94 67 42 96 87 75 57
82 77 80 39 40 39 19
42 56 57 20 27 22 8
82 81 92 38 46 45 20
35 28 35 17 10 21 7
97 63 98 68 4 16 56
37 38 31 21 16 17 9
14 11 12 5 5 5 3
24
63 22 2 23 64 53 80
64 62 61 30 30 35 18
10 10 43 75 58 25 66
10 69 6 52 40 42 28
45 81 45 34 27 15 68
58 61 56 34 27 24 14
40 28 91 36 13 82 62
55 17 97 3 81 61 72
90 16 79 64 6 24 17
78 75 88 36 42 45 20
12 48 98 98 83 0 6
81 77 71 37 35 37 17
95 96 35 94 47 25 9
5 1 3 1 0 3 0
93 90 91 45 51 44 24
22 25 31 10 12 10 3
59 45 61 25 27 32 18
57 44 54 25 21 30 13
7 69 68 98 85 50 24
50 58 100 43 96 50 7
56 33 0 30 96 71 1
79 59 53 22 5 37 75
72 5 11 8 32 64 22
16 14 19 6 7 9 3
8
50 52 44 31 27 19 15
90 85 95 42 47 49 25
73 74 75 29 37 35 16
2 2 1 1 0 0 0
9 5 9 3 3 5 1
27 36 35 16 20 15 11
22 94 29 7 62 80 38
15 12 10 9 5 8 4
17
97 64 82 68 17 82 57
28 27 21 13 12 9 4
60 6 68 54 20 24 82
46 43 30 46 51 72 78
10 7 9 4 4 5 3
92 87 87 49 48 47 28
52 64 73 30 38 32 18
47 50 44 26 23 26 13
45 45 8 60 100 80 48
63 71 70 33 34 28 14
93 74 93 42 40 50 24
51 98 18 88 98 20 95
27 59 6 15 79 58 58
81 87 80 43 43 43 21
21 27 29 11 13 14 5
20 55 24 75 26 40 94
24 26 26 17 13 12 10
100
8 88 70 12 72 90 57
8 5 4 5 3 3 3
3 5 6 0 3 1 0
68 72 77 33 35 38 17
51 85 73 95 86 44 84
55 57 64 27 29 23 11
79 75 32 12 39 65 35
2 51 96 49 13 36 37
94 88 88 47 47 42 23
9 48 55 10 52 25 64
17 63 10 93 82 30 74
10 76 59 66 20 69 55
49 42 66 28 23 79 5
23 22 25 11 11 12 5
8 96 84 34 22 57 25
79 22 53 15 97 59 17
83 80 82 39 47 45 24
80 72 6 12 88 90 31
43 57 9 14 43 45 34
22 27 54 76 100 14 31
1 5 5 1 3 0 0
29 33 42 9 20 16 6
14 8 42 59 44 97 26
23 26 86 89 94 30 72
47 75 23 73 84 1 11
59 13 99 26 30 60 85
96 44 44 53 89 49 92
99 71 96 12 68 97 8
7 8 7 5 4 4 3
28 24 18 19 11 12 8
85 94 91 46 51 50 24
80 91 50 91 53 15 9
70 56 52 36 20 7 46
1 54 7 16 51 52 15
41 42 86 65 19 89 59
96 13 0 0 50 84 82
78 30 85 50 85 86 98
58 55 58 25 26 31 11
68 45 78 40 73 29 6
47 55 54 30 33 33 21
1 80 62 90 32 0 97
71 44 48 85 87 21 62
8 53 88 21 39 9 75
72 62 82 28 30 39 13
64 49 3 6 13 58 11
64 16 65 58 69 3 73
78 54 86 19 48 1 4
71 60 9 96 5 55 88
63 69 28 56 79 38 64
59 48 67 25 27 36 16
86 54 74 24 61 33 72
53 46 42 28 18 24 10
96 95 81 34 37 23 65
76 57 89 20 98 91 97
91 90 96 50 38 41 20
48 37 90 3 75 23 99
60 70 66 32 40 27 15
58 84 64 66 61 64 3
24 20 26 7 9 15 4
90 90 93 46 44 50 22
36 71 62 13 59 18 40
71 6 59 8 77 86 88
96 23 49 43 31 0 67
51 29 58 97 95 17 62
86 96 80 56 21 57 78
68 83 71 33 42 34 19
91 72 54 59 9 95 41
45 37 38 22 14 21 7
35 84 15 47 71 75 10
2 33 51 37 84 24 7
41 27 41 86 47 93 7
48 4 73 6 86 94 2
45 10 49 49 86 18 71
64 65 59 32 23 28 11
20 18 24 7 10 12 3
88 94 90 48 50 46 28
97 66 2 74 24 11 72
76 76 67 40 36 35 19
54 98 18 72 60 87 45
81 56 1 26 76 68 12
16 17 17 7 8 7 2
91 97 92 44 53 43 23
33 34 32 15 16 17 7
59 54 66 29 27 29 14
35 22 31 12 12 21 9
58 57 46 31 21 21 10
85 52 41 12 99 81 52
80 13 80 53 62 62 25
39 34 36 19 16 18 7
13 15 12 7 8 3 2
61 57 20 29 23 39 77
60 63 65 31 31 29 17
1 3 5 0 2 1 0
35 58 30 24 55 9 27
13 60 66 50 60 99 18
7 30 21 95 13 39 0
20 24 76 90 40 41 58
19 16 17 9 9 10 5
39 2 87 50 97 87 55
9 6 9 3 4 6 2
