2 2
2 0 3 0 1
0 0 3 1 1
2 2
0 0 0 1 1 
0 2 0 -1 1
10 6
9 9 -9 -7 1
5 3 0 -3 3
-3 -8 7 0 2
3 9 3 1 1
-3 -1 -4 2 3
-2 -7 -4 6 1
-4 -4 -1 3 2
-2 4 1 -8 3
-2 4 5 4 2
-9 2 4 8 4
100 20
88 -33 -65 46 1
76 -26 -20 31 9
-71 53 -14 52 14
-83 47 45 5 6
99 -74 -11 -44 1
52 -94 -3 -4 15
5 -77 -54 -88 8
85 90 71 -72 15
22 -24 49 28 6
-91 38 69 -62 10
-15 -85 -87 -62 10
-67 -88 -77 -93 6
-64 81 -31 86 13
-21 -44 19 -72 13
49 -27 -40 -97 8
-2 -11 65 -50 15
-74 24 -80 69 6
77 57 -6 -72 8
-24 -35 -98 -88 6
0 72 -60 31 5
-63 83 70 -13 5
41 25 -17 -34 15
-78 83 39 -90 14
-83 -2 -68 42 8
82 22 -49 -89 4
-46 -7 89 63 13
72 -96 2 89 17
-86 -20 35 48 11
87 -84 -66 -57 10
-48 29 14 1 1
-56 88 -79 67 7
-74 -40 65 -12 1
-19 -74 -99 66 1
2 81 96 -51 14
-86 -2 -60 6 7
-57 -18 -33 80 13
-15 93 44 59 8
28 -56 37 92 3
6 29 4 49 2
-7 -63 35 -12 11
-10 24 -62 -31 1
16 0 -6 87 18
-94 98 63 57 18
-58 18 -15 -80 12
-7 -75 42 97 10
-52 88 -59 67 16
-80 87 -39 -65 5
-88 -36 -6 -46 13
7 -78 -72 -24 11
14 -93 -91 90 15
-26 -73 13 6 5
55 -59 -33 40 5
-60 56 96 -77 4
-20 -68 49 59 14
95 51 -98 89 7
11 22 -16 48 18
26 47 28 24 14
75 -88 23 92 10
-80 -53 -74 -86 6
44 -92 3 31 6
26 3 97 -85 17
9 0 29 32 12
30 -92 -64 -50 1
-77 -67 95 81 12
48 53 -28 -27 11
-39 -10 -90 98 5
49 -58 -81 86 6
82 -30 -82 -48 17
0 -50 -95 -9 16
50 54 53 44 14
-86 -2 -33 4 11
26 -3 -49 -33 16
-81 -87 66 -95 13
36 97 -27 -54 18
15 21 -8 0 12
-22 94 -70 -75 11
-55 0 83 -9 10
-98 89 91 20 4
8 95 14 -59 8
-84 -57 -63 -43 13
88 47 85 -68 3
-20 -31 57 -33 2
-1 -71 -10 -45 15
-70 89 -12 -56 5
-56 85 27 65 11
-35 -84 27 47 10
69 -67 -98 -75 2
20 73 -21 -27 18
-71 23 -96 34 3
15 -69 -46 -30 9
88 -73 -14 -31 2
-47 -79 -26 82 9
26 -86 74 75 13
66 85 72 -73 10
-19 -24 -83 -17 9
18 -51 -25 -21 17
23 54 63 64 16
83 4 -74 -69 4
89 -39 -82 -3 9
-64 81 -31 -91 11
100 21
24 -24 -54 12 7
82 96 -89 -36 15
99 -32 -41 19 8
-33 -92 63 -39 17
-71 -70 -99 1 3
-24 -18 -82 -12 7
-54 -30 28 -95 7
1 -23 -5 -97 16
62 58 89 -98 4
47 -96 -71 60 1
91 27 -26 82 4
-29 -42 1 38 5
-40 4 0 -77 12
40 -59 56 8 3
77 -89 -4 23 1
-41 -73 -48 -84 2
-46 -23 -38 -45 3
-32 -96 68 -83 12
-43 84 10 91 13
93 -87 3 37 11
23 10 28 -77 9
-33 51 11 37 19
48 66 53 -89 2
40 -90 78 83 5
41 21 17 78 1
7 46 -69 -44 3
-19 32 -83 -62 17
-28 -79 24 -50 9
-70 15 -60 66 8
44 0 -85 96 15
-98 -34 -49 -44 3
-97 89 -23 -74 7
49 37 -1 -11 4
12 66 48 74 5
8 -32 -77 -8 19
-16 61 70 -74 16
85 -88 9 34 8
63 78 -18 28 10
56 87 -65 23 5
-39 -55 78 -91 10
-28 -68 -1 82 6
79 -22 -13 40 1
-77 79 -28 94 17
-4 -44 75 94 11
53 -33 -98 -97 1
27 -24 84 -2 19
-62 40 -87 -3 8
-48 -2 22 8 4
15 65 -45 1 18
13 -62 -21 72 7
41 3 46 0 18
-74 41 44 57 6
-71 -82 50 95 1
89 -10 -86 -65 9
91 41 42 80 4
52 -90 -82 92 16
-69 -90 -70 -12 19
35 10 -51 -29 15
-37 -99 -7 -97 1
-62 -76 57 -95 14
-90 10 -91 -14 19
36 -73 10 50 2
-90 -3 -45 42 9
83 -10 -73 -12 4
22 -80 36 -69 18
91 -28 -46 -53 3
-25 -50 46 -38 13
-39 36 32 -27 10
-81 58 -61 12 8
-81 -99 46 -46 19
23 -40 -50 76 7
-85 26 -95 19 9
42 33 44 -16 16
19 36 -9 61 10
85 -80 -74 -60 1
-63 -4 -58 -13 16
99 69 48 67 6
-14 83 -69 37 3
-37 -18 22 67 1
-1 -79 89 -79 15
-12 93 68 -94 18
81 2 67 19 3
-41 12 -96 97 9
89 -46 -80 -72 12
68 37 20 -29 16
-13 -43 85 96 8
-33 -24 12 23 5
-7 64 -64 79 9
-15 -61 -2 48 8
58 -82 -97 67 14
-88 -32 -52 -8 12
36 57 59 -65 4
79 -66 -79 -85 17
-20 98 34 47 14
-52 -37 54 8 3
20 51 79 83 1
44 10 18 -49 17
-7 35 16 10 12
-33 -80 65 17 8
-27 -80 83 38 18
4 2
-2 -2 1 1 1
-2 2 1 -1 1
2 -2 -1 1 1
2 2 -1 -1 1
