44
1 340431 3
97 10403 101
201 522 233
3500 100000 1009
12000 700000000 97
6 19 5
2 1000 4
50 600000000 2
2020 6300 29
200000000 2000000000 1800000011
1008055011 1500050000 41
1 2000000000 1999073521
1570000 800000000 30011
35000 100000000 50021
1 2000000000 40009
1000 1000000000 1950000023
846 33339972898 345271
1671 7357877281 175393
1892 7019674311 53857
1437 829743957 46559
914 76090800556 172709
10351665265 46171344357 10364998949
1127 97392567303 107999
329 56859738433 288929
10368795016 71520889760 10431815419
1857 12534928295 3
1350 74423225806 347
10315681780 59965260916 10035512951
105975773 1724581281 15161
122570012 59194071949 253447
26794010 88059075061 42571
17481378 38112794511 653
122609159 29875962711 4339
29062260 11782866263 3109
68710607 17134854001 13
26259957 23139714841 23
109507839 14136715561 5
108501130 41259755053 3
52198405 68649624351 13
82533574 4662275599 23
10083769 96851879119 310901
61727512 4972688813 351959
16523573 82890061029 157217
69490320 60546661169 330331
