5
6 99
10010000010111110110
100100000101
001011111011
00010111110
010000010111110110
01000001011111011
6 97
11101101101110001001
1011100010010010
010010010001
110110110111000100
111011011011100
1011100010010010001
6 99
00101100110010110111
11011000000100101
0110011001011011
00000100101
011001100101101
110110000001001
6 98
00111111111110100000
10100000101111
1000001011111010000
000111111111110100
111111101000001011
00101111101000000
6 97
01011011001000110111
101000000100111011
001001110110
101011011001000
1111101000000100111
01011011001000
